10000 100
135
268
426
430
444
513
610
778
894
1022
1216
1313
1328
1402
1470
1501
1685
1790
1947
1971
2049
2052
2182
2251
2261
2442
2477
2548
2661
2812
2897
3060
3155
3349
3394
3464
3480
3546
3572
3672
3703
3799
3972
4075
4078
4234
4358
4413
4420
4425
4437
4582
4597
4710
4738
4762
4911
5091
5276
5377
5518
5594
5680
5703
5860
5890
5994
6168
6201
6204
6400
6503
6679
6817
7010
7089
7158
7164
7340
7397
7539
7723
7841
7875
8032
8101
8150
8276
8382
8401
8515
8595
8756
8777
8934
8988
9145
9279
9442
9639
9673
9741
9872
10043
10212
10222
10271
10320
10420
10504
10538
10600
10621
10767
10924
11076
11144
11196
11332
11425
11511
11643
11646
11734
11849
11982
12095
12101
12112
12164
12165
12313
12510
12663
12728
12767
12915
12975
13108
13259
13442
13471
13653
13663
13791
13900
13988
14051
14190
14258
14337
14405
14533
14580
14670
14708
14904
14912
15103
15126
15214
15215
15356
15425
15437
15571
15713
15875
16011
16102
16297
16425
16540
16629
16769
16806
16854
17012
17104
17172
17182
17231
17282
17301
17454
17488
17523
17617
17696
17866
17881
17964
18112
18150
18228
18403
18527
18574
18628
18650
18826
18899
19006
19112
19173
19319
19369
19484
19551
19686
19868
19907
19908
19945
20007
20180
20193
20343
20374
20429
20620
20770
20841
20984
21049
21181
21305
21312
21464
21534
21724
21790
21925
22015
22084
22128
22256
22304
22478
22644
22821
22915
23046
23242
23309
23310
23475
23497
23641
23764
23923
24003
24075
24232
24410
24421
24543
24604
24776
24915
25005
25198
25386
25493
25632
25804
25833
26025
26136
26308
26400
26482
26569
26592
26744
26752
26874
27023
27219
27391
27403
27570
27692
27849
27968
28149
28182
28196
28200
28392
28556
28690
28758
28792
28914
29027
29056
29140
29285
29389
29390
29504
29570
29646
29660
29715
29796
29907
29967
30007
30065
30211
30361
30458
30648
30804
30977
31084
31184
31313
31448
31571
31638
31776
31897
31955
32036
32208
32272
32423
32497
32608
32806
32960
33037
33183
33278
33434
33611
33704
33739
33873
33874
33971
34124
34173
34227
34322
34323
34451
34583
34593
34785
34922
34977
35016
35037
35052
35239
35379
35448
35583
35612
35720
35847
35982
36101
36131
36163
36213
36304
36351
36499
36637
36680
36699
36832
37020
37029
37035
37119
37180
37373
37458
37540
37644
37710
37886
37912
37990
38182
38246
38418
38531
38694
38732
38757
38907
39038
39199
39209
39310
39361
39532
39647
39736
39794
39932
40012
40037
40234
40247
40426
40531
40721
40722
40905
41006
41113
41200
41288
41314
41505
41549
41577
41742
41867
41874
41995
42172
42206
42286
42410
42511
42547
42602
42762
42775
42778
42898
42988
43096
43256
43396
43518
43682
43873
43915
44041
44173
44351
44383
44409
44423
44424
44601
44727
44752
44898
44910
45087
45152
45153
45268
45348
45369
45403
45528
45669
45720
45737
45894
46088
46264
46387
46506
46515
46595
46731
46912
47075
47248
47314
47477
47566
47658
47690
47831
47833
48022
48164
48317
48338
48472
48489
48537
48708
48777
48781
48920
49069
49150
49245
49334
49483
49624
49644
49660
49695
49870
49885
49901
49919
49954
50035
50114
50211
50270
50454
50517
50711
50777
50908
50930
50959
51131
51314
51319
51374
51463
51465
51528
51535
51707
51890
52087
52240
52275
52413
52475
52529
52555
52565
52592
52775
52953
53037
53110
53234
53282
53391
53495
53688
53757
53882
54052
54215
54268
54451
54561
54640
54669
54793
54939
55064
55237
55294
55411
55550
55565
55663
55779
55780
55858
55992
56124
56219
56349
56539
56562
56566
56569
56634
56742
56876
57012
57206
57338
57368
57523
57583
57677
57794
57889
58061
58194
58340
58431
58490
58622
58633
58754
58814
58892
59011
59118
59196
59235
59379
59484
59669
59816
59988
60116
60198
60217
60242
60366
60551
60677
60790
60978
60992
61109
61229
61393
61535
61552
61595
61769
61919
62055
62217
62252
62389
62564
62588
62616
62696
62780
62910
63018
63096
63272
63316
63420
63600
63760
63901
63943
64034
64128
64295
64372
64430
64522
64710
64851
65032
65111
65203
65223
65399
65518
65522
65538
65656
65783
65905
65979
66003
66179
66325
66486
66585
66765
66811
66959
67093
67249
67317
67356
67494
67526
67631
67689
67764
67919
67946
68116
68130
68268
68369
68459
68517
68640
68653
68714
68858
68859
68883
69017
69074
69193
69340
69474
69630
69786
69833
70030
70109
70272
70275
70416
70440
70611
70693
70785
70834
71005
71111
71141
71261
71402
71427
71572
71679
71809
71856
71886
71981
72042
72187
72320
72496
72503
72633
72761
72862
73018
73037
73123
73314
73341
73503
73653
73839
74026
74105
74270
74452
74612
74649
74797
74921
74992
75051
75235
75236
75295
75428
75624
75733
75781
75937
76023
76087
76111
76221
76297
76474
76484
76660
76699
76768
76807
76912
77052
77240
77415
77491
77528
77637
77755
77848
77885
78036
78100
78213
78313
78504
78611
78653
78844
79033
79058
79187
79265
79291
79357
79430
79510
79546
79709
79897
80061
80085
80175
80251
80278
80295
80412
80579
80593
80681
80756
80757
80775
80778
80899
80938
80995
81117
81232
81336
81491
81610
81755
81887
81918
81931
81991
81999
82116
82155
82338
82408
82584
82687
82885
82985
83085
83249
83416
83486
83585
83603
83613
83698
83856
84036
84223
84317
84497
84584
84694
84863
85002
85043
85156
85224
85357
85529
85719
85865
85885
86009
86172
86281
86334
86467
86639
86709
86819
86930
87107
87143
87302
87402
87499
87678
87846
87848
87882
87974
88022
88069
88167
88301
88461
88608
88699
88854
88856
88945
89121
89197
89371
89439
89451
89555
89667
89711
89871
89984
90011
90026
90039
90165
90195
90358
90543
90702
90832
90998
91019
91048
91219
91311
91419
91594
91747
91905
92011
92020
92042
92180
92229
92373
92517
92640
92793
92929
93090
93248
93346
93436
93507
93551
93683
93730
93923
93935
94067
94114
94161
94279
94430
94466
94612
94727
94794
94844
95038
95159
95263
95390
95547
95706
95897
95921
96050
96095
96119
96288
96333
96470
96663
96823
96889
96911
96957
97118
97151
97227
97288
97424
97429
97582
97685
97769
97805
97923
98062
98245
98427
98475
98655
98703
98758
98877
99069
99090
99195
99266
99379
99446
99608
99720
99782
99915
99955
100033
100136
100165
100295
100421
100553
100587
100613
100708
100866
101047
101186
101326
101331
101341
101415
101568
101719
101726
101787
101839
101939
102050
102183
102292
102422
102541
102586
102638
102685
102721
102759
102868
102918
103109
103204
103237
103246
103352
103543
103620
103783
103896
104003
104167
104191
104229
104330
104447
104638
104752
104769
104886
105061
105175
105203
105261
105361
105538
105731
105875
105992
106103
106236
106389
106523
106585
106666
106724
106859
107051
107091
107181
107366
107550
107658
107717
107770
107895
108058
108163
108257
108415
108433
108452
108616
108661
108737
108753
108944
108971
109098
109278
109309
109342
109438
109489
109616
109652
109720
109727
109880
109908
109997
110143
110270
110290
110357
110509
110641
110682
110772
110814
110847
110899
111014
111058
111195
111284
111457
111637
111809
111890
112078
112215
112305
112414
112415
112455
112543
112680
112749
112801
112931
112975
113007
113047
113063
113139
113337
113413
113584
113742
113842
113888
114065
114071
114114
114290
114425
114549
114685
114773
114861
114980
115063
115237
115295
115320
115461
115474
115624
115704
115761
115764
115774
115929
115978
116166
116220
116381
116408
116488
116649
116663
116695
116831
116921
116971
117074
117135
117144
117290
117294
117445
117472
117548
117659
117715
117906
118043
118139
118304
118472
118647
118810
118891
119019
119089
119123
119126
119187
119241
119282
119307
119330
119439
119473
119639
119669
119833
119876
119956
120040
120101
120226
120359
120490
120558
120675
120845
120900
120974
120977
121075
121162
121273
121465
121607
121801
121932
122113
122197
122334
122335
122344
122474
122551
122703
122835
122891
123059
123118
123164
123262
123332
123503
123641
123822
123994
124153
124303
124317
124399
124476
124569
124646
124827
124874
125047
125140
125160
125244
125273
125292
125326
125437
125616
125617
125649
125788
125937
125971
126029
126109
126188
126282
126309
126312
126403
126600
126709
126894
126989
127122
127172
127202
127335
127423
127592
127599
127761
127909
127946
128046
128186
128319
128346
128464
128545
128655
128667
128829
129017
129164
129194
129297
129420
129613
129614
129776
129897
130023
130060
130155
130266
130400
130416
130560
130666
130766
130935
131013
131167
131222
131285
131289
131465
131621
131651
131654
131725
131904
132083
132154
132303
132488
132493
132668
132730
132794
132844
133002
133028
133108
133208
133284
133295
133423
133594
133723
133828
133850
133998
134068
134168
134255
134431
134465
134630
134670
134800
134835
134871
135025
135037
135137
135267
135443
135598
135723
135771
135879
135975
136049
136206
136262
136344
136414
136486
136532
136643
136714
136907
136989
137014
137110
137162
137245
137279
137394
137406
137604
137732
137869
137952
137982
138023
138059
138232
138294
138472
138656
138810
138887
139025
139222
139315
139345
139395
139419
139444
139445
139449
139498
139598
139662
139754
139924
139975
140069
140229
140340
140514
140618
140758
140955
141013
141106
141131
141234
141318
141400
141465
141567
141701
141727
141869
141946
142085
142120
142313
142367
142488
142557
142690
142761
142957
143149
143317
143465
143466
143559
143608
143715
143890
143923
143944
144064
144215
144248
144262
144274
144335
144337
144443
144622
144803
144898
145053
145217
145228
145352
145497
145693
145800
145933
145982
146081
146147
146153
146234
146305
146344
146385
146423
146541
146713
146905
146992
147101
147187
147383
147559
147638
147743
147781
147841
147984
148025
148142
148156
148267
148374
148377
148523
148608
148663
148671
148742
148917
149109
149223
149364
149482
149499
149656
149661
149797
149874
149998
150150
150333
150409
150505
150547
150618
150758
150788
150966
150969
151127
151149
151212
151218
151240
151244
151395
151507
151642
151807
151960
152075
152204
152208
152268
152311
152487
152535
152630
152723
152761
152780
152963
153036
153061
153104
153105
153207
153336
153388
153582
153660
153777
153894
154036
154095
154268
154429
154593
154668
154783
154979
154998
155059
155252
155259
155456
155612
155622
155783
155949
156097
156225
156397
156462
156612
156652
156830
156967
157091
157172
157310
157377
157479
157537
157581
157601
157619
157770
157839
157981
158033
158115
158150
158291
158323
158330
158361
158436
158564
158597
158739
158768
158847
158970
159141
159253
159350
159393
159485
159580
159603
159663
159681
159760
159792
159957
160011
160126
160207
160330
160414
160547
160681
160817
160982
161173
161227
161366
161415
161428
161459
161639
161653
161665
161695
161778
161870
161928
162022
162057
162228
162338
162439
162447
162507
162592
162635
162753
162804
162882
162960
162968
163029
163212
163310
163404
163463
163464
163659
163845
164025
164086
164165
164200
164276
164460
164602
164746
164775
164873
164912
165043
165189
165294
165470
165636
165695
165784
165930
166049
166186
166220
166310
166390
166559
166651
166767
166797
166988
167018
167057
167063
167245
167284
167318
167398
167412
167542
167699
167822
168008
168142
168176
168359
168450
168528
168680
168757
168945
169021
169120
169314
169388
169532
169679
169741
169939
170019
170164
170271
170432
170464
170591
170641
170728
170844
170865
171054
171121
171298
171340
171372
171528
171568
171605
171763
171771
171826
171911
171916
171926
172035
172059
172106
172295
172416
172472
172670
172693
172847
172918
173083
173124
173162
173195
173205
173260
173310
173432
173510
173622
173760
173875
174059
174217
174364
174387
174481
174498
174556
174563
174740
174928
174931
174963
175052
175187
175216
175333
175487
175616
175723
175787
175807
175927
175993
176151
176332
176405
176471
176559
176697
176811
176956
177050
177130
177267
177381
177423
177576
177674
177720
177802
177829
177976
178090
178186
178187
178237
178332
178495
178532
178596
178699
178827
178903
178949
179028
179051
179205
179338
179500
179521
179630
179659
179695
179803
179939
180119
180172
180239
180419
180505
180614
180804
180898
180965
181142
181200
181358
181386
181536
181638
181825
181965
181976
182165
182211
182365
182544
182682
182859
183010
183053
183223
183228
183324
183448
183629
183688
183857
183907
184002
184024
184137
184256
184416
184418
184516
184598
184609
184804
184824
185019
185094
185142
185174
185269
185405
185521
185671
185833
186021
186125
186156
186223
186253
186304
186434
186522
186617
186683
186857
186986
187120
187276
187364
187502
187536
187664
187736
187766
187782
187821
187867
187987
188045
188071
188176
188259
188324
188480
188579
188729
188827
188928
189033
189197
189376
189377
189453
189471
189647
189817
189970
190152
190317
190509
190652
190727
190864
191040
191219
191328
191383
191534
191588
191642
191821
191890
191994
192034
192131
192316
192320
192400
192558
192664
192821
192880
192920
193016
193057
193144
193193
193370
193517
193654
193813
193967
194018
194076
194157
194275
194342
194434
194522
194616
194737
194819
194858
194860
194891
195089
195260
195435
195483
195526
195691
195708
195797
195976
196106
196255
196355
196496
196518
196627
196657
196843
196884
196970
197103
197189
197215
197299
197363
197415
197528
197610
197765
197945
198016
198113
198244
198285
198304
198363
198464
198525
198641
198644
198665
198726
198729
198789
198952
198969
199035
199043
199058
199223
199283
199471
199570
199763
199954
200005
200007
200057
200218
200285
200429
200624
200688
200830
200858
201055
201099
201127
201289
201336
201359
201446
201554
201673
201681
201737
201874
202012
202115
202167
202331
202513
202532
202541
202585
202632
202691
202825
202959
202994
203054
203122
203290
203464
203649
203760
203948
204135
204237
204399
204489
204640
204705
204806
204996
205161
205268
205303
205475
205552
205676
205815
205974
206098
206169
206230
206275
206450
206504
206640
206812
206932
207011
207104
207209
207214
207346
207470
207477
207561
207579
207729
207789
207987
208059
208220
208249
208386
208448
208567
208737
208788
208879
209026
209186
209379
209505
209666
209675
209754
209927
209968
210052
210214
210408
210595
210660
210789
210950
211070
211226
211366
211430
211434
211544
211684
211774
211789
211858
211882
212079
212262
212425
212519
212634
212800
212947
213089
213151
213154
213228
213269
213373
213520
213564
213568
213704
213799
213809
213844
213977
214069
214099
214224
214391
214543
214677
214838
214943
215111
215237
215414
215456
215599
215669
215713
215793
215824
215939
216079
216237
216376
216465
216524
216617
216729
216856
216928
216976
217142
217297
217412
217526
217590
217600
217707
217811
217946
218094
218172
218225
218233
218239
218406
218574
218624
218786
218905
218950
219048
219186
219278
219418
219562
219607
219619
219777
219912
220054
220063
220217
220360
220374
220513
220629
220819
220921
220944
221126
221170
221312
221334
221464
221538
221694
221803
221805
221869
222049
222233
222338
222522
222626
222709
222764
222889
223013
223115
223286
223341
223492
223494
223551
223743
223827
224015
224075
224271
224459
224500
224632
224771
224872
224992
225098
225115
225185
225309
225345
225536
225637
225806
225963
226004
226017
226092
226109
226139
226287
226474
226484
226585
226702
226885
227035
227038
227103
227274
227386
227464
227563
227704
227899
228051
228138
228284
228430
228437
228595
228779
228948
229098
229179
229304
229397
229515
229535
229636
229734
229742
229813
229893
229980
230142
230317
230512
230589
230670
230826
231016
231097
231112
231156
231304
231364
231374
231402
231492
231656
231722
231812
231999
232096
232136
232202
232370
232447
232620
232679
232774
232931
232967
233102
233122
233280
233440
233557
233612
233808
233914
234069
234218
234371
234510
234638
234715
234776
234966
234971
235100
235137
235288
235416
235487
235492
235690
235844
236006
236011
236016
236099
236102
236238
236382
236509
236599
236651
236693
236737
236873
237022
237036
237121
237298
237439
237536
237716
237826
237874
237886
237987
238046
238142
238161
238189
238312
238510
238600
238652
238667
238794
238849
238979
239151
239192
239209
239245
239432
239579
239722
239794
239953
240113
240138
240313
240430
240588
240776
240873
240923
241026
241134
241243
241318
241419
241474
241670
241686
241861
241952
242054
242124
242295
242389
242502
242667
242858
243028
243117
243157
243225
243312
243484
243491
243584
243773
243863
243868
243949
243987
244094
244167
244352
244392
244547
244632
244767
244963
245112
245295
245391
245576
245581
245630
245736
245772
245851
245916
245960
245982
246088
246165
246290
246323
246451
246470
246643
246805
246807
246995
247174
247368
247416
247430
247489
247639
247775
247820
247929
248101
248127
248198
248362
248372
248504
248622
248716
248768
248797
248908
249008
249060
249114
249259
249276
249375
249535
249558
249582
249722
249802
249966
250014
250018
250183
250277
250331
250496
250526
250628
250708
250775
250828
251021
251087
251212
251293
251465
251549
251638
251814
251882
252000
252165
252336
252390
252546
252615
252793
252880
253066
253097
253160
253230
253290
253392
253582
253701
253823
253907
253961
254007
254071
254240
254274
254444
254580
254698
254844
254851
254927
254985
255022
255102
255274
255392
255490
255542
255739
255750
255804
255837
255948
256011
256184
256341
256401
256520
256714
256815
256826
256982
257136
257201
257325
257438
257596
257715
257820
257954
258027
258217
258357
258428
258508
258532
258634
258638
258689
258749
258789
258921
258954
259119
259272
259468
259637
259764
259813
259852
259858
259906
260095
260239
260311
260350
260518
260705
260734
260779
260872
261030
261213
261377
261484
261670
261700
261855
261947
262033
262113
262120
262216
262406
262584
262605
262659
262714
262804
262857
262966
263002
263009
263104
263280
263438
263491
263541
263585
263638
263713
263875
263881
263939
264117
264138
264244
264347
264408
264517
264666
264761
264835
264945
265044
265220
265242
265318
265430
265485
265496
265694
265807
265947
265997
266138
266199
266335
266498
266500
266690
266856
267008
267165
267215
267239
267369
267549
267730
267882
267979
268024
268197
268352
268377
268556
268605
268681
268773
268860
268910
269100
269208
269348
269368
269521
269618
269722
269815
269860
269887
270015
270164
270320
270516
270630
270802
270858
270957
271147
271218
271400
271435
271484
271603
271606
271644
271696
271742
271747
271824
271870
271903
271996
272056
272214
272231
272326
272425
272478
272546
272710
272714
272804
272969
273026
273044
273074
273112
273234
273344
273526
273571
273757
273854
273994
274024
274114
274293
274357
274380
274550
274737
274769
274924
274979
275133
275290
275385
275565
275612
275618
275735
275737
275828
275846
275940
276056
276232
276275
276378
276387
276559
276668
276675
276853
276920
276945
276990
277187
277379
277453
277519
277636
277640
277650
277711
277760
277813
277915
278013
278166
278306
278309
278442
278523
278629
278762
278808
278979
279046
279108
279152
279236
279352
279418
279421
279589
279706
279831
279996
280044
280109
280183
280192
280194
280290
280354
280454
280603
280632
280740
280922
281041
281234
281362
281386
281506
281526
281613
281801
281975
282172
282197
282392
282571
282578
282728
282793
282924
283058
283213
283277
283279
283436
283631
283684
283861
284030
284160
284228
284360
284379
284522
284591
284730
284819
284889
285079
285130
285300
285394
285462
285471
285623
285714
285720
285821
285855
286026
286141
286311
286335
286519
286694
286698
286881
287018
287105
287108
287127
287299
287355
287506
287606
287716
287748
287812
287934
288032
288060
288093
288259
288387
288422
288602
288603
288662
288709
288750
288890
288905
288925
289053
289209
289346
289468
289579
289772
289826
289912
290058
290082
290220
290222
290288
290297
290305
290355
290513
290686
290873
290934
290974
291122
291142
291235
291252
291327
291402
291538
291629
291821
291978
292081
292086
292137
292182
292305
292370
292419
292551
292664
292693
292760
292878
293058
293248
293430
293605
293706
293775
293846
293851
293984
293993
294170
294300
294353
294462
294616
294628
294699
294820
294987
295140
295184
295344
295426
295481
295534
295672
295776
295820
295865
295913
295985
296045
296217
296404
296426
296434
296435
296530
296618
296815
296819
296827
296971
297006
297162
297289
297408
297588
297694
297862
297937
297995
297998
298124
298210
298246
298291
298450
298529
298667
298789
298932
299014
299173
299233
299237
299358
299541
299705
299754
299767
299934
300084
300116
300184
300312
300463
300629
300736
300886
301024
301159
301183
301372
301471
301535
301580
301623
301664
301855
301921
301952
302135
302175
302345
302532
302647
302802
302834
302914
303093
303127
303194
303280
303299
303341
303420
303429
303462
303572
303578
303728
303762
303773
303860
304026
304112
304166
304241
304346
304511
304552
304578
304637
304734
304892
305012
305181
305216
305308
305416
305542
305676
305853
305964
306068
306139
306189
306230
306364
306392
306572
306712
306869
306872
306905
306988
307165
307279
307435
307438
307451
307617
307710
307750
307882
307965
308068
308094
308112
308145
308231
308344
308411
308563
308619
308636
308680
308787
308828
308936
309116
309134
309298
309379
309385
309507
309559
309695
309823
309965
310016
310146
310153
310249
310381
310528
310548
310715
310725
310821
310949
310970
311011
311115
311243
311286
311373
311552
311681
311746
311839
311855
312029
312098
312280
312392
312396
312457
312552
312636
312756
312928
313029
313180
313234
313396
313500
313570
313692
313799
313961
314061
314151
314295
314298
314469
314643
314660
314732
314837
314852
314987
315016
315040
315153
315179
315356
315398
315594
315733
315821
315888
315917
315996
316117
316232
316325
316483
316617
316698
316848
316866
316922
317102
317208
317224
317234
317335
317402
317509
317633
317745
317806
317912
318075
318110
318281
318287
318389
318519
318652
318746
318790
318818
318851
318962
318966
319075
319166
319234
319254
319279
319364
319451
319564
319689
319734
319883
319896
319954
320133
320159
320353
320543
320553
320617
320676
320814
320962
321042
321207
321366
321560
321610
321781
321831
321947
322124
322162
322323
322393
322521
322619
322809
322962
323097
323184
323281
323474
323552
323741
323935
324082
324207
324298
324455
324550
324710
324742
324832
324887
324893
324902
324980
325011
325025
325209
325260
325313
325438
325542
325689
325883
326075
326105
326275
326430
326462
326515
326603
326708
326787
326954
327052
327053
327168
327230
327306
327317
327382
327396
327538
327546
327674
327853
327970
328000
328109
328278
328352
328392
328435
328552
328743
328909
329090
329134
329199
329350
329447
329607
329620
329657
329713
329802
329829
329913
330058
330204
330219
330259
330410
330583
330599
330685
330834
330860
330903
331096
331109
331201
331355
331430
331509
331663
331772
331869
331906
332077
332099
332239
332297
332422
332583
332677
332702
332706
332718
332875
333035
333117
333225
333264
333449
333463
333497
333574
333716
333910
334038
334095
334138
334168
334330
334453
334582
334613
334671
334738
334800
334907
334962
335147
335226
335369
335376
335518
335663
335842
336023
336055
336232
336406
336552
336652
336831
336999
337060
337102
337211
337351
337354
337416
337570
337615
337698
337784
337961
337980
338044
338185
338335
338408
338506
338620
338659
338738
338782
338894
339054
339238
339244
339426
339507
339618
339654
339749
339933
340102
340229
340299
340403
340404
340586
340723
340866
340923
340934
341109
341261
341424
341433
341530
341718
341873
342057
342137
342280
342447
342483
342598
342650
342838
343018
343124
343146
343206
343323
343470
343657
343781
343924
344115
344120
344142
344258
344358
344452
344618
344736
344818
344858
344913
344959
345037
345207
345397
345399
345428
345431
345598
345678
345716
345718
345774
345825
345899
345971
346058
346177
346309
346443
346508
346646
346677
346779
346818
346994
347010
347176
347230
347338
347446
347449
347558
347670
347757
347948
348039
348096
348270
348468
348557
348563
348686
348749
348892
348948
349111
349189
349247
349357
349382
349392
349510
349520
349620
349635
349711
349722
349897
350058
350134
350227
350390
350504
350666
350743
350780
350854
351047
351185
351219
351404
351569
351665
351840
352038
352196
352367
352401
352568
352616
352704
352801
352965
353115
353137
353188
353359
353376
353452
353486
353513
353676
353696
353769
353878
353923
354104
354164
354347
354496
354660
354839
355025
355032
355090
355249
355398
355530
355599
355754
355947
355974
356050
356103
356267
356386
356568
356719
356855
356857
356926
356986
357114
357217
357403
357417
357499
357559
357641
357675
357808
357977
358081
358122
358161
358169
358270
358348
358457
358576
358664
358724
358767
358864
358910
358977
359062
359194
359316
359386
359412
359473
359663
359754
359815
359961
359967
360085
360157
360328
360382
360484
360613
360800
360957
361121
361209
361340
361505
361695
361818
361987
362106
362301
362374
362461
362622
362698
362817
363008
363024
363141
363330
363430
363544
363570
363687
363752
363825
363941
363959
364005
364112
364271
364367
364497
364530
364557
364655
364716
364878
364888
364966
365131
365317
365321
365428
365584
365602
365706
365739
365896
366021
366215
366250
366258
366275
366412
366577
366586
366660
366824
366949
367057
367070
367151
367326
367519
367708
367738
367882
367992
368084
368102
368188
368320
368402
368566
368726
368750
368923
369024
369093
369174
369300
369493
369540
369563
369694
369698
369805
369951
370047
370218
370258
370281
370412
370521
370652
370667
370761
370796
370929
371042
371225
371354
371500
371503
371595
371789
371802
371882
372053
372089
372175
372316
372327
372394
372549
372630
372697
372773
372782
372940
373081
373205
373265
373321
373323
373496
373565
373583
373733
373912
373976
374003
374050
374164
374312
374448
374626
374653
374712
374729
374778
374861
374914
375105
375227
375383
375431
375601
375674
375767
375825
375904
376087
376208
376386
376583
376664
376832
376981
377102
377129
377237
377396
377474
377602
377739
377909
378050
378152
378177
378242
378324
378328
378431
378440
378607
378803
378996
379128
379219
379239
379372
379386
379532
379541
379562
379691
379748
379874
379941
380083
380268
380317
380423
380518
380659
380666
380725
380882
380890
381046
381140
381235
381402
381468
381581
381643
381775
381958
382122
382293
382481
382517
382611
382787
382896
382992
383083
383144
383250
383374
383477
383544
383588
383641
383701
383846
383859
383961
384000
384050
384174
384188
384306
384378
384494
384569
384747
384898
385001
385012
385015
385182
385300
385404
385501
385693
385748
385876
386070
386205
386301
386318
386410
386463
386621
386762
386829
387003
387051
387071
387124
387280
387377
387394
387443
387454
387610
387665
387785
387907
387936
388100
388144
388281
388473
388525
388630
388687
388735
388794
388925
389078
389099
389189
389352
389395
389449
389647
389739
389864
389999
390104
390246
390339
390395
390423
390497
390601
390760
390783
390925
390959
391109
391160
391273
391281
391351
391477
391517
391696
391884
392035
392086
392160
392262
392314
392335
392433
392487
392632
392646
392769
392823
392972
392993
393016
393123
393211
393227
393334
393380
393422
393470
393589
393623
393674
393821
393888
393930
394065
394213
394376
394474
394550
394746
394765
394788
394921
395070
395111
395191
395223
395260
395452
395542
395697
395742
395893
396049
396238
396366
396547
396571
396576
396634
396645
396720
396788
396937
396945
397103
397300
397374
397434
397534
397724
397840
397895
398008
398167
398301
398334
398481
398577
398593
398600
398767
398770
398875
398927
399051
399152
399180
399217
399387
399548
399650
399777
399863
399913
400057
400238
400338
400411
400595
400699
400825
400916
400996
401001
401166
401291
401391
401458
401615
401636
401696
401823
401860
401908
402066
402068
402109
402240
402373
402402
402524
402700
402787
402835
402849
402929
403084
403146
403205
403382
403432
403548
403743
403879
404020
404029
404032
404193
404355
404383
404483
404650
404681
404736
404829
404868
404958
404999
405001
405099
405106
405143
405256
405275
405316
405329
405524
405672
405850
405964
405999
406008
406058
406188
406209
406237
406285
406318
406393
406395
406447
406561
406741
406807
406963
407053
407135
407174
407219
407251
407319
407380
407568
407693
407777
407843
407887
407949
408053
408097
408188
408302
408409
408445
408576
408709
408865
409047
409102
409198
409210
409270
409331
409453
409514
409653
409764
409928
409986
410146
410280
410405
410504
410580
410708
410881
411000
411163
411223
411397
411488
411593
411668
411786
411955
412072
412152
412218
412345
412512
412546
412722
412780
412912
413037
413148
413343
413438
413468
413518
413686
413760
413844
413960
414128
414312
414371
414564
414650
414828
414849
415015
415170
415222
415358
415370
415435
415575
415601
415681
415872
415973
416146
416196
416269
416271
416447
416574
416672
416687
416879
417037
417071
417168
417237
417432
417503
417655
417685
417698
417782
417842
417921
417986
417989
418183
418221
418411
418471
418524
418709
418862
418942
419035
419150
419195
419268
419390
419406
419514
419663
419758
419930
420039
420086
420105
420258
420450
420456
420550
420702
420828
420930
421112
421245
421385
421535
421710
421884
422018
422208
422395
422478
422542
422659
422692
422863
422974
423001
423087
423197
423283
423457
423561
423655
423732
423751
423878
423970
424145
424158
424197
424366
424450
424626
424664
424847
424958
425156
425314
425362
425548
425669
425775
425862
426060
426119
426259
426376
426544
426727
426778
426827
426884
426928
427120
427240
427247
427313
427502
427609
427779
427924
427961
428086
428194
428368
428393
428549
428607
428793
428976
429130
429301
429340
429394
429432
429619
429739
429936
430026
430151
430208
430406
430539
430649
430743
430934
431030
431048
431176
431326
431336
431530
431534
431580
431583
431682
431728
431895
431935
431938
431990
432015
432212
432279
432394
432418
432426
432520
432590
432676
432750
432945
433002
433173
433215
433240
433288
433346
433446
433560
433690
433764
433837
433996
434034
434142
434224
434417
434590
434725
434756
434877
435040
435174
435354
435374
435410
435455
435580
435734
435923
436102
436181
436266
436423
436435
436468
436649
436653
436667
436825
436884
437025
437108
437204
437332
437487
437589
437726
437769
437792
437822
437896
437997
438005
438158
438258
438415
438489
438588
438704
438880
438980
439148
439230
439390
439562
439592
439609
439632
439752
439821
439928
440049
440158
440295
440373
440533
440681
440800
440903
441100
441282
441388
441490
441682
441726
441909
442100
442285
442373
442390
442471
442517
442599
442695
442732
442757
442882
442971
442993
443049
443121
443198
443314
443438
443454
443571
443684
443872
443944
444033
444042
444134
444185
444318
444478
444484
444587
444591
444643
444713
444906
444961
444980
445101
445121
445223
445421
445491
445518
445616
445646
445666
445744
445843
445864
445949
446124
446248
446417
446591
446604
446747
446765
446790
446815
446891
446973
447071
447105
447135
447170
447210
447312
447427
447565
447749
447916
448093
448109
448219
448364
448417
448546
448718
448854
448913
448947
449027
449054
449117
449135
449152
449336
449471
449637
449680
449809
449835
449889
450022
450198
450346
450506
450571
450645
450781
450954
451138
451254
451430
451539
451623
451811
452006
452122
452290
452293
452357
452511
452524
452636
452656
452765
452870
453031
453060
453068
453211
453260
453282
453317
453382
453544
453655
453734
453858
453895
453996
454053
454067
454102
454287
454313
454353
454482
454535
454661
454775
454778
454829
455027
455096
455138
455316
455477
455611
455617
455740
455829
455975
456132
456158
456270
456414
456499
456682
456771
456956
457065
457168
457216
457399
457519
457525
457654
457760
457838
457992
458029
458130
458265
458345
458538
458668
458842
458873
459047
459243
459366
459493
459668
459793
459851
459949
460070
460161
460167
460195
460352
460487
460660
460854
461038
461118
461312
461359
461492
461620
461702
461848
462043
462053
462177
462341
462534
462705
462764
462879
462894
462977
463083
463194
463283
463385
463565
463633
463770
463808
463913
464109
464143
464313
464334
464480
464612
464662
464737
464806
464923
465059
465179
465245
465439
465449
465459
465492
465594
465714
465867
465966
466131
466135
466175
466207
466256
466314
466442
466483
466628
466760
466798
466919
467078
467168
467338
467405
467578
467735
467885
467942
467996
468057
468100
468270
468399
468429
468531
468571
468748
468862
468926
469118
469199
469209
469293
469383
469464
469631
469713
469801
469929
469960
470071
470229
470349
470468
470626
470729
470752
470944
470986
470989
471113
471269
471381
471405
471440
471463
471616
471703
471741
471934
472059
472200
472321
472390
472395
472445
472484
472563
472583
472736
472753
472858
472975
473063
473241
473299
473402
473520
473557
473566
473654
473777
473873
473961
473988
474136
474199
474256
474293
474490
474522
474560
474698
474738
474868
474989
475070
475198
475344
475348
475384
475540
475635
475669
475834
475970
476013
476099
476202
476325
476516
476710
476875
476949
477013
477184
477213
477229
477340
477439
477570
477636
477829
477844
477885
477978
478070
478239
478341
478358
478396
478578
478611
478713
478791
478850
479003
479129
479293
479324
479512
479674
479870
479994
480011
480197
480331
480399
480417
480498
480508
480693
480849
480915
480980
481010
481182
481310
481406
481409
481502
481654
481696
481786
481886
482078
482249
482276
482357
482363
482379
482570
482654
482693
482726
482785
482791
482839
483020
483208
483280
483448
483596
483788
483833
483874
484038
484222
484283
484290
484373
484378
484407
484581
484660
484763
484837
484990
485129
485154
485317
485495
485571
485602
485715
485842
485886
485948
486142
486331
486505
486624
486767
486789
486880
487018
487025
487212
487377
487499
487643
487747
487904
488036
488169
488266
488332
488500
488606
488625
488713
488904
488983
489173
489206
489389
489445
489464
489630
489778
489958
490093
490145
490172
490347
490434
490552
490608
490629
490813
490870
491003
491017
491128
491145
491172
491229
491407
491523
491714
491912
492046
492110
492256
492283
492468
492659
492838
492907
493092
493231
493306
493350
493484
493553
493686
493738
493753
493765
493953
494123
494232
494366
494503
494665
494806
494845
494943
494998
495171
495327
495363
495549
495588
495709
495905
495996
496110
496177
496330
496353
496546
496655
496656
496817
496965
497055
497088
497196
497277
497418
497485
497677
497721
497790
497801
497837
498008
498068
498110
498287
498393
498535
498728
498778
498850
498863
499008
499161
499334
499389
499430
499476
499649
499813
499937
500063
500069
500072
500229
500272
500402
500503
500613
500741
500780
500834
500963
500971
501153
501279
501297
501386
501502
501628
501824
501950
502033
502061
502198
502300
502478
502634
502802
502863
502998
503099
503261
503268
503292
503326
503342
503477
503578
503622
503682
503747
503835
503941
504076
504253
504302
504496
504604
504662
504806
504915
505087
505267
505299
505304
505434
505454
505541
505646
505711
505727
505878
505911
506094
506106
506303
506410
506598
506667
506770
506772
506796
506959
507044
507090
507120
507285
507408
507476
507655
507699
507735
507846
507983
508146
508259
508299
508395
508423
508471
508659
508725
508754
508928
509115
509237
509353
509513
509702
509731
509763
509808
509898
510023
510079
510179
510263
510421
510437
510576
510704
510742
510932
510973
510977
511031
511162
511215
511404
511423
511577
511611
511651
511837
511890
511958
511988
512093
512235
512386
512492
512545
512587
512716
512738
512775
512812
512823
512985
513064
513187
513370
513386
513574
513756
513823
514016
514113
514171
514272
514412
514480
514596
514714
514838
514974
515012
515022
515048
515070
515105
515194
515247
515268
515334
515461
515532
515669
515764
515793
515926
516012
516056
516150
516248
516412
516542
516581
516594
516691
516709
516827
517007
517160
517240
517426
517492
517648
517802
517959
517995
518145
518255
518435
518530
518694
518771
518922
519111
519262
519287
519299
519327
519456
519612
519783
519827
519833
519975
520077
520202
520379
520434
520624
520655
520709
520789
520977
521155
521168
521338
521358
521463
521483
521643
521763
521961
522056
522172
522360
522456
522554
522590
522769
522793
522873
522997
523124
523137
523321
523380
523510
523635
523661
523834
523916
524060
524090
524228
524254
524385
524410
524550
524587
524676
524841
525039
525085
525168
525347
525479
525538
525669
525708
525797
525846
525983
526034
526160
526286
526383
526476
526494
526614
526750
526791
526959
527058
527125
527158
527333
527421
527521
527632
527711
527909
528033
528039
528073
528122
528199
528261
528262
528417
528594
528781
528960
529101
529209
529363
529555
529728
529875
529936
530118
530243
530306
530481
530515
530701
530807
530851
531001
531183
531329
531367
531414
531589
531591
531728
531914
531961
532109
532160
532295
532487
532648
532658
532685
532865
533058
533088
533163
533274
533430
533576
533626
533772
533778
533894
534016
534042
534202
534364
534519
534560
534583
534607
534720
534841
535013
535017
535158
535246
535425
535505
535634
535778
535971
535994
536168
536282
536447
536564
536672
536747
536843
536885
537053
537197
537338
537530
537597
537603
537612
537690
537861
537966
537975
538171
538333
538381
538470
538475
538601
538697
538866
538950
539034
539145
539245
539390
539541
539690
539820
539949
540080
540174
540229
540389
540495
540688
540885
540955
541115
541258
541295
541306
541446
541599
541744
541819
541849
542020
542058
542211
542215
542346
542408
542460
542527
542598
542753
542774
542850
542936
543012
543089
543179
543304
543460
543461
543476
543561
543736
543864
544027
544219
544343
544472
544626
544635
544783
544899
545049
545102
545287
545462
545513
545708
545827
545917
545940
546007
546181
546209
546300
546339
546361
546370
546423
546530
546603
546644
546797
546856
546993
547019
547144
547149
547230
547339
547364
547385
547439
547459
547622
547741
547909
547923
547997
548020
548128
548197
548256
548283
548304
548468
548623
548751
548905
548947
549065
549208
549235
549431
549477
549507
549528
549539
549656
549705
549739
549811
549829
549941
550018
550151
550168
550359
550370
550389
550393
550579
550699
550701
550879
550950
550984
551023
551178
551356
551406
551487
551491
551579
551731
551895
551954
552131
552283
552472
552598
552611
552675
552850
552876
553057
553085
553235
553253
553335
553435
553618
553792
553815
553857
553923
553963
554102
554255
554279
554336
554406
554423
554533
554619
554700
554799
554924
554977
555014
555168
555184
555370
555382
555406
555457
555653
555778
555918
556054
556143
556178
556187
556380
556498
556646
556720
556727
556817
556837
557019
557076
557161
557279
557369
557378
557425
557604
557780
557915
557982
558084
558180
558248
558417
558609
558801
558975
559156
559287
559344
559429
559550
559636
559765
559778
559969
560028
560052
560105
560118
560290
560449
560459
560603
560710
560775
560867
561033
561087
561146
561279
561351
561518
561676
561706
561797
561943
561985
562010
562181
562191
562389
562403
562482
562573
562665
562799
562929
563031
563092
563251
563315
563453
563490
563673
563723
563765
563889
564034
564151
564258
564368
564434
564599
564754
564790
564913
565084
565196
565317
565333
565513
565598
565787
565953
566118
566249
566311
566467
566569
566630
566818
566928
567045
567126
567261
567371
567429
567612
567613
567674
567822
567954
568099
568245
568416
568472
568563
568710
568738
568741
568785
568968
569031
569093
569279
569408
569458
569588
569763
569870
569966
570120
570158
570236
570421
570507
570532
570629
570656
570712
570806
570851
570955
571122
571319
571516
571673
571731
571826
572002
572054
572113
572156
572191
572314
572317
572503
572610
572724
572777
572836
572990
573170
573249
573370
573409
573478
573533
573691
573883
574065
574101
574222
574250
574306
574435
574540
574608
574684
574853
575012
575184
575379
575543
575718
575865
576002
576009
576035
576055
576193
576391
576528
576724
576817
576830
576857
576987
577134
577175
577324
577325
577474
577537
577676
577835
578028
578052
578192
578252
578391
578443
578605
578614
578772
578942
579107
579287
579339
579406
579497
579553
579600
579645
579822
579849
579850
579896
579903
580062
580209
580338
580369
580381
580508
580536
580615
580762
580901
580972
580977
581079
581258
581429
581495
581644
581649
581715
581717
581895
582007
582014
582181
582219
582275
582466
582625
582767
582885
582976
583000
583091
583145
583175
583208
583301
583463
583548
583733
583800
583869
584062
584243
584370
584548
584572
584702
584721
584813
584884
585060
585189
585364
585390
585545
585616
585776
585910
586087
586197
586275
586333
586359
586414
586484
586600
586672
586734
586774
586920
587083
587229
587316
587356
587436
587470
587657
587792
587819
587885
588037
588079
588196
588314
588508
588665
588668
588697
588722
588772
588776
588887
589051
589133
589260
589417
589437
589524
589593
589651
589797
589963
590004
590007
590205
590298
590401
590563
590736
590914
591060
591246
591362
591404
591452
591600
591618
591748
591814
592000
592161
592317
592459
592462
592523
592694
592780
592880
592993
593025
593199
593258
593349
593502
593655
593659
593754
593948
594137
594193
594384
594554
594735
594865
594970
595097
595128
595216
595226
595238
595276
595470
595601
595779
595897
596074
596118
596233
596247
596269
596422
596539
596688
596860
596990
597075
597259
597343
597370
597424
597456
597515
597575
597734
597882
598055
598063
598118
598231
598305
598416
598525
598553
598747
598888
599075
599144
599337
599435
599569
599584
599627
599812
599850
599921
599965
600084
600269
600367
600558
600573
600720
600818
600975
601007
601172
601193
601295
601465
601601
601696
601809
601890
602078
602252
602320
602389
602504
602527
602636
602737
602780
602803
602994
603086
603195
603279
603286
603322
603347
603399
603581
603730
603846
603937
603946
603996
604054
604145
604305
604365
604440
604572
604615
604733
604866
604942
605082
605274
605302
605408
605422
605520
605594
605601
605646
605717
605759
605781
605846
605976
606085
606235
606322
606401
606511
606552
606618
606646
606657
606838
606888
606991
607135
607140
607223
607419
607527
607641
607788
607926
608044
608164
608315
608408
608531
608603
608675
608760
608886
608971
609079
609100
609182
609316
609491
609565
609608
609723
609759
609932
609939
610124
610235
610294
610439
610544
610695
610867
610967
611092
611232
611361
611454
611519
611602
611762
611805
611844
611885
611979
612061
612076
612149
612268
612330
612355
612423
612525
612631
612760
612947
613049
613148
613209
613316
613409
613487
613510
613572
613726
613757
613912
613952
613960
614030
614221
614407
614454
614567
614701
614738
614772
614959
615053
615102
615115
615207
615363
615511
615553
615724
615796
615835
615934
616083
616233
616332
616511
616576
616727
616861
616884
617042
617212
617343
617362
617496
617623
617651
617726
617807
617984
618163
618352
618474
618600
618712
618740
618876
619048
619141
619305
619403
619431
619511
619521
619660
619696
619721
619906
620097
620182
620200
620364
620544
620605
620789
620969
621114
621131
621228
621282
621376
621473
621474
621475
621626
621774
621914
622040
622121
622123
622195
622198
622359
622395
622589
622651
622800
622929
622931
622960
623099
623154
623210
623247
623412
623529
623576
623606
623735
623770
623911
623921
624064
624170
624351
624531
624559
624624
624676
624721
624882
624974
625089
625274
625472
625652
625663
625738
625739
625820
625913
625975
626069
626126
626231
626243
626295
626310
626361
626547
626661
626720
626814
626862
626943
626998
627052
627183
627347
627489
627650
627655
627727
627775
627951
628080
628274
628285
628389
628586
628610
628781
628811
628969
628990
629127
629290
629437
629626
629650
629732
629744
629877
629976
630080
630249
630288
630380
630469
630574
630771
630944
631069
631212
631239
631387
631444
631500
631573
631751
631849
631942
632062
632195
632278
632335
632354
632391
632414
632450
632524
632602
632770
632875
632954
632975
632987
633148
633272
633407
633525
633686
633701
633897
633937
634067
634215
634408
634529
634690
634859
634937
635123
635233
635273
635316
635344
635393
635413
635576
635684
635844
635948
636019
636049
636209
636310
636351
636547
636626
636817
636876
637000
637120
637271
637318
637459
637599
637661
637725
637885
637992
638099
638137
638158
638283
638447
638623
638803
638964
639013
639045
639146
639221
639328
639513
639638
639660
639850
640005
640143
640312
640452
640596
640640
640775
640816
640850
640873
640942
641139
641270
641403
641564
641700
641855
641928
641963
642030
642037
642177
642313
642395
642519
642696
642782
642868
642916
643010
643031
643161
643358
643423
643434
643547
643573
643709
643786
643962
643998
644083
644124
644294
644481
644620
644712
644853
644959
645097
645204
645346
645489
645491
645528
645550
645662
645841
645923
646072
646107
646238
646347
646429
646437
646624
646777
646923
647009
647130
647198
647359
647433
647521
647629
647662
647775
647884
648076
648209
648366
648547
648581
648731
648929
649112
649155
649269
649396
649439
649611
649798
649989
650080
650275
650337
650449
650541
650583
650769
650893
650994
651109
651171
651195
651266
651455
651611
651626
651814
651913
651921
652096
652248
652347
652404
652580
652700
652849
652850
653012
653119
653257
653343
653371
653455
653598
653609
653750
653894
654043
654050
654165
654313
654400
654566
654642
654713
654907
655027
655144
655219
655332
655471
655512
655692
655720
655828
656010
656145
656159
656182
656316
656476
656583
656725
656727
656779
656808
656940
657129
657245
657251
657295
657351
657510
657649
657697
657745
657864
657981
658124
658220
658405
658556
658567
658623
658816
658923
659114
659165
659193
659362
659378
659548
659721
659741
659929
660012
660164
660336
660404
660532
660660
660699
660860
660978
661031
661208
661362
661503
661505
661557
661660
661787
661872
661950
662032
662142
662183
662224
662362
662504
662512
662579
662604
662742
662860
663032
663059
663114
663247
663326
663387
663543
663721
663748
663916
663963
664058
664255
664329
664350
664415
664546
664676
664701
664822
664836
664870
664969
665038
665174
665221
665398
665491
665500
665612
665736
665831
665896
665984
666156
666189
666363
666397
666558
666702
666782
666889
667037
667198
667203
667340
667425
667601
667614
667695
667804
667937
667991
668028
668087
668129
668231
668264
668391
668480
668610
668746
668791
668887
669008
669042
669174
669267
669315
669452
669504
669576
669723
669912
670030
670115
670191
670365
670419
670509
670610
670758
670833
670855
671008
671074
671162
671272
671422
671555
671698
671871
671970
672004
672155
672192
672390
672479
672515
672655
672775
672890
672989
673076
673202
673311
673333
673360
673554
673633
673743
673846
673877
673921
674036
674210
674237
674243
674259
674433
674488
674666
674704
674755
674909
675009
675141
675302
675420
675451
675486
675661
675787
675977
675999
676143
676248
676280
676456
676551
676620
676793
676931
677020
677046
677097
677274
677352
677397
677557
677683
677824
677852
677908
678073
678157
678164
678298
678476
678654
678688
678773
678951
678961
679005
679137
679315
679503
679671
679698
679748
679916
679922
680041
680144
680220
680303
680386
680499
680616
680731
680827
680922
680954
681116
681177
681308
681373
681559
681697
681780
681917
681936
681965
682064
682110
682275
682323
682387
682503
682692
682785
682801
682904
683078
683158
683293
683489
683645
683787
683835
683888
683898
683975
684136
684330
684340
684401
684538
684642
684753
684886
685064
685137
685333
685341
685368
685373
685523
685632
685711
685830
685839
685966
686129
686186
686306
686389
686454
686473
686665
686718
686860
686876
686948
686995
687180
687285
687430
687561
687669
687699
687766
687822
687927
688052
688156
688346
688431
688434
688574
688615
688626
688718
688785
688879
688904
689074
689100
689200
689325
689512
689595
689729
689919
689976
690158
690224
690377
690409
690558
690749
690945
691013
691116
691272
691460
691472
691518
691652
691784
691963
691991
692162
692275
692315
692470
692628
692700
692774
692837
692972
693144
693306
693336
693470
693565
693656
693851
693860
694025
694098
694232
694234
694280
694341
694472
694659
694827
694954
695018
695122
695270
695455
695651
695838
695891
696019
696135
696203
696226
696389
696423
696599
696614
696707
696844
696882
696957
697115
697215
697394
697564
697678
697845
698016
698056
698062
698203
698396
698524
698553
698612
698655
698715
698877
699062
699218
699301
699474
699495
699573
699619
699795
699963
700106
700182
700278
700376
700425
700551
700652
700753
700807
700915
701109
701255
701349
701536
701635
701810
701870
701923
702043
702053
702197
702231
702389
702512
702656
702817
702861
702934
702980
703168
703253
703366
703521
703663
703704
703866
703884
703982
703986
704059
704173
704202
704245
704330
704363
704509
704700
704754
704901
705064
705200
705280
705466
705569
705574
705719
705900
705913
705961
706142
706272
706440
706638
706715
706912
706977
706980
707134
707197
707228
707408
707578
707734
707857
708040
708175
708181
708300
708421
708477
708501
708658
708757
708857
709016
709094
709145
709284
709363
709407
709574
709701
709703
709795
709838
710028
710047
710143
710174
710223
710346
710529
710544
710732
710781
710866
710900
711074
711118
711262
711345
711487
711499
711556
711614
711724
711893
711984
712100
712207
712327
712395
712477
712514
712519
712528
712682
712751
712929
712932
713006
713078
713085
713250
713349
713537
713554
713690
713801
713881
714076
714112
714113
714145
714198
714374
714529
714706
714760
714940
715058
715077
715148
715334
715431
715483
715598
715770
715923
716030
716084
716155
716225
716246
716349
716399
716556
716731
716868
716920
717040
717184
717363
717366
717449
717533
717630
717652
717758
717768
717795
717945
718103
718241
718409
718510
718564
718647
718707
718869
718925
718963
719034
719189
719347
719405
719566
719603
719722
719831
719849
719900
720094
720259
720403
720589
720691
720888
720960
721148
721238
721404
721586
721781
721927
722071
722112
722262
722362
722405
722503
722658
722780
722890
722998
723063
723097
723168
723335
723350
723442
723608
723730
723736
723795
723925
724120
724211
724276
724316
724383
724396
724519
724690
724761
724859
725000
725036
725193
725303
725492
725668
725859
725924
726117
726121
726278
726425
726466
726497
726602
726698
726871
727057
727226
727308
727465
727567
727657
727716
727754
727900
727929
728049
728059
728102
728248
728275
728334
728361
728520
728699
728848
728907
728963
729106
729229
729325
729489
729636
729822
729938
730089
730135
730306
730409
730537
730643
730831
730838
731000
731044
731130
731232
731318
731493
731653
731725
731732
731827
731886
731942
732139
732163
732236
732315
732421
732467
732516
732690
732782
732809
732845
733015
733184
733312
733358
733400
733542
733608
733655
733782
733788
733978
734064
734102
734256
734436
734624
734759
734927
735058
735160
735186
735236
735432
735606
735618
735679
735811
735834
735848
735963
736106
736252
736357
736421
736470
736488
736661
736729
736829
736919
737100
737113
737216
737299
737359
737381
737484
737503
737642
737658
737696
737837
737914
737947
738144
738310
738382
738565
738640
738766
738962
739082
739188
739383
739517
739572
739639
739767
739839
739946
739972
740146
740338
740479
740526
740533
740679
740795
740816
740921
741055
741154
741316
741395
741550
741735
741913
742095
742169
742234
742395
742468
742490
742522
742648
742666
742737
742825
743000
743094
743199
743328
743380
743391
743469
743560
743599
743705
743883
743999
744093
744210
744404
744430
744509
744611
744736
744871
744893
745079
745244
745419
745542
745656
745772
745773
745949
746043
746166
746257
746270
746283
746377
746483
746623
746724
746842
747003
747078
747160
747330
747489
747548
747674
747739
747890
747955
748030
748037
748231
748302
748355
748492
748598
748662
748765
748805
748855
748972
748984
749031
749046
749108
749126
749140
749272
749280
749341
749495
749628
749774
749942
749995
750147
750180
750309
750421
750447
750612
750620
750740
750876
751049
751136
751141
751244
751403
751567
751639
751672
751841
751974
752167
752310
752440
752511
752591
752765
752807
752994
753093
753224
753228
753405
753504
753535
753540
753725
753867
753919
754092
754254
754323
754469
754485
754647
754750
754802
754990
755065
755128
755190
755334
755402
755495
755551
755675
755844
755955
756071
756191
756248
756424
756558
756578
756764
756959
757038
757042
757183
757296
757431
757470
757632
757719
757857
757859
757877
757924
757949
758141
758161
758182
758345
758511
758700
758881
758972
759043
759174
759361
759459
759560
759643
759686
759803
759941
760097
760127
760147
760155
760232
760353
760375
760464
760661
760815
760817
760832
760873
761020
761145
761251
761410
761600
761627
761755
761794
761835
761993
762150
762215
762324
762510
762599
762640
762787
762850
762909
762953
763110
763157
763331
763504
763551
763617
763707
763861
764006
764161
764169
764184
764229
764399
764444
764559
764654
764772
764802
764821
765006
765020
765162
765298
765340
765498
765676
765714
765773
765869
766030
766188
766216
766398
766541
766617
766690
766816
766883
766947
767079
767137
767283
767366
767538
767726
767843
767861
767990
768183
768197
768198
768202
768315
768337
768357
768534
768634
768682
768867
769002
769170
769322
769352
769499
769565
769705
769718
769911
769979
770126
770214
770299
770478
770504
770676
770845
770906
770924
770994
771051
771192
771275
771304
771353
771457
771607
771608
771765
771948
772026
772150
772307
772388
772410
772601
772781
772813
772853
772983
773087
773120
773229
773254
773370
773504
773581
773600
773762
773870
773911
774101
774254
774447
774509
774532
774617
774639
774654
774764
774775
774915
775041
775112
775153
775171
775352
775376
775435
775499
775677
775816
775880
775890
775940
776109
776131
776218
776222
776410
776463
776555
776698
776896
776935
776970
777065
777169
777195
777230
777295
777318
777342
777412
777561
777697
777869
777915
778037
778154
778290
778470
778562
778725
778907
778990
779092
779211
779356
779522
779624
779821
780005
780161
780177
780211
780318
780404
780460
780486
780635
780731
780824
780980
781130
781272
781418
781608
781703
781858
781909
781949
782037
782149
782256
782292
782473
782542
782723
782765
782839
782925
783109
783241
783372
783570
783589
783688
783712
783812
783938
784128
784140
784298
784451
784556
784712
784732
784812
784903
784986
785122
785278
785380
785442
785474
785541
785557
785561
785564
785629
785746
785931
786011
786022
786199
786284
786352
786463
786523
786663
786817
786831
786888
786958
787051
787121
787208
787267
787316
787401
787429
787616
787633
787782
787914
788099
788104
788148
788250
788314
788383
788539
788552
788683
788742
788769
788874
789036
789053
789127
789224
789350
789474
789578
789589
789767
789959
790089
790144
790153
790180
790364
790481
790597
790795
790854
790886
791054
791174
791226
791299
791448
791588
791724
791904
791905
791952
792061
792222
792405
792446
792479
792519
792677
792755
792830
792915
792988
793122
793253
793288
793430
793547
793722
793914
794092
794199
794284
794451
794493
794647
794789
794834
794981
795121
795147
795200
795240
795423
795538
795575
795629
795731
795733
795875
795976
795998
796128
796323
796381
796535
796643
796780
796956
797107
797276
797444
797561
797562
797626
797758
797841
797887
798026
798131
798211
798363
798365
798530
798694
798702
798821
798825
798842
798852
798993
799017
799104
799276
799365
799559
799621
799735
799766
799803
799908
799972
800156
800334
800428
800462
800562
800669
800673
800782
800868
801003
801094
801156
801346
801436
801541
801680
801774
801869
801992
802053
802097
802100
802198
802384
802442
802543
802664
802725
802773
802905
802952
803131
803199
803393
803439
803588
803738
803833
803865
803894
803935
804000
804125
804241
804258
804332
804450
804545
804696
804750
804810
804939
805087
805127
805221
805288
805438
805577
805667
805756
805898
806095
806193
806279
806294
806298
806325
806481
806520
806617
806663
806837
806859
806935
807036
807234
807424
807609
807742
807896
807921
807991
808105
808245
808405
808423
808509
808605
808614
808749
808837
808911
808924
808947
808992
809149
809305
809383
809397
809558
809629
809652
809673
809788
809874
809995
810058
810158
810348
810535
810567
810667
810838
810884
811060
811134
811245
811258
811381
811484
811661
811739
811786
811797
811918
811998
812056
812203
812286
812384
812576
812674
812834
812990
813038
813101
813280
813312
813504
813617
813688
813849
813941
814091
814127
814311
814446
814505
814635
814688
814774
814896
815044
815111
815229
815356
815439
815466
815602
815665
815693
815713
815879
816057
816241
816423
816602
816639
816778
816905
816989
817157
817355
817457
817615
817777
817897
818020
818024
818184
818328
818421
818592
818705
818736
818870
818937
819003
819079
819089
819268
819270
819375
819548
819681
819850
819951
820055
820181
820267
820334
820444
820493
820679
820855
820867
820944
821000
821029
821214
821289
821413
821532
821584
821748
821874
821984
822085
822282
822373
822411
822588
822767
822846
823035
823153
823302
823440
823608
823792
823919
824022
824195
824216
824306
824385
824442
824505
824530
824614
824753
824902
824908
824926
825012
825194
825245
825335
825413
825521
825607
825727
825752
825925
826032
826110
826193
826235
826276
826285
826383
826502
826684
826785
826947
827144
827206
827375
827535
827545
827688
827741
827868
828034
828174
828354
828419
828565
828672
828743
828784
828934
829019
829156
829324
829500
829612
829800
829904
829905
829934
829992
830080
830266
830452
830551
830585
830769
830841
831014
831057
831188
831366
831384
831552
831640
831830
831998
832161
832194
832246
832351
832365
832545
832555
832626
832734
832790
832958
833104
833122
833291
833461
833653
833666
833670
833771
833904
833958
834039
834050
834074
834208
834283
834426
834453
834456
834620
834671
834682
834858
835027
835164
835210
835282
835376
835378
835503
835692
835784
835863
836047
836078
836189
836332
836336
836398
836508
836685
836813
836941
837075
837076
837106
837226
837237
837311
837424
837536
837653
837827
837960
838101
838191
838304
838321
838507
838520
838697
838780
838868
839036
839077
839103
839264
839308
839364
839511
839568
839730
839761
839946
840055
840212
840322
840415
840428
840458
840460
840596
840607
840760
840781
840874
840891
840967
841082
841125
841234
841349
841373
841444
841549
841589
841632
841756
841832
841975
841978
842168
842189
842291
842382
842394
842455
842618
842694
842782
842803
842866
842869
843023
843170
843245
843425
843515
843606
843790
843967
844040
844130
844222
844399
844449
844633
844762
844882
844968
845113
845198
845201
845265
845442
845545
845677
845692
845799
845907
845921
845974
846019
846069
846261
846366
846394
846479
846612
846674
846853
846927
846956
847118
847265
847410
847436
847455
847591
847722
847788
847901
847983
848037
848118
848314
848463
848599
848662
848825
848977
849036
849143
849235
849338
849343
849428
849515
849580
849627
849746
849770
849904
849981
850092
850209
850249
850445
850543
850583
850765
850846
850999
851100
851191
851276
851364
851380
851400
851541
851689
851835
852001
852015
852078
852162
852176
852217
852339
852358
852405
852589
852713
852821
852968
853128
853204
853333
853413
853426
853447
853522
853544
853553
853701
853744
853813
853914
854095
854213
854246
854253
854381
854436
854449
854470
854647
854824
854925
855014
855201
855381
855473
855588
855629
855820
855938
856029
856085
856111
856116
856232
856273
856416
856574
856679
856876
856959
856973
856988
857035
857068
857147
857161
857359
857361
857551
857565
857624
857704
857779
857858
857916
857935
857980
858157
858330
858452
858624
858783
858887
858911
859107
859196
859297
859373
859457
859580
859641
859748
859811
859967
860050
860159
860304
860493
860672
860787
860814
860830
861013
861039
861065
861149
861183
861200
861338
861521
861580
861774
861828
861984
862048
862204
862310
862402
862421
862576
862654
862850
862955
862967
863127
863306
863354
863461
863578
863626
863646
863826
863869
863953
864112
864152
864290
864447
864568
864641
864767
864865
865050
865169
865295
865382
865430
865550
865588
865689
865846
866014
866193
866333
866348
866381
866536
866541
866649
866730
866759
866811
866848
866901
867085
867129
867224
867334
867531
867720
867817
867844
868036
868143
868300
868390
868544
868626
868741
868912
869072
869100
869183
869262
869321
869415
869557
869713
869802
869845
869972
870163
870168
870181
870364
870402
870545
870657
870727
870904
871028
871072
871120
871260
871278
871475
871561
871694
871870
871925
872032
872147
872281
872405
872464
872644
872795
872880
873070
873203
873254
873301
873345
873375
873477
873566
873605
873758
873895
874092
874137
874172
874252
874281
874452
874631
874716
874803
874879
875018
875083
875089
875167
875318
875469
875624
875787
875937
875960
875972
876071
876149
876198
876214
876333
876451
876601
876626
876741
876919
877024
877111
877240
877248
877429
877577
877627
877704
877887
878069
878125
878127
878266
878386
878577
878606
878627
878808
878902
879010
879162
879219
879228
879320
879493
879504
879679
879789
879834
879863
879960
880055
880108
880194
880371
880444
880602
880689
880836
880930
880961
881088
881122
881280
881427
881484
881637
881680
881839
882002
882198
882337
882493
882503
882608
882746
882796
882904
882966
883059
883103
883299
883345
883509
883528
883639
883648
883653
883833
884029
884072
884243
884338
884473
884579
884705
884770
884828
884929
885001
885018
885075
885120
885154
885332
885509
885568
885627
885645
885838
885893
885909
886004
886090
886283
886402
886572
886648
886757
886826
886980
887134
887230
887380
887458
887466
887481
887486
887586
887663
887837
888028
888126
888197
888366
888443
888488
888521
888577
888679
888809
888957
889075
889135
889161
889275
889424
889432
889490
889518
889601
889748
889881
890039
890090
890188
890227
890241
890244
890373
890384
890540
890603
890734
890759
890878
890992
891171
891267
891371
891444
891641
891671
891716
891875
891994
892141
892196
892309
892450
892517
892579
892773
892913
893050
893096
893145
893270
893326
893430
893587
893712
893869
893940
893999
894021
894133
894315
894335
894465
894473
894654
894795
894975
895157
895267
895390
895415
895505
895638
895814
895835
896004
896043
896156
896324
896465
896532
896606
896663
896804
896886
897045
897171
897243
897296
897417
897432
897530
897637
897771
897968
898074
898169
898225
898391
898531
898572
898707
898811
898947
899032
899096
899189
899313
899341
899349
899431
899482
899623
899686
899759
899818
899902
900002
900136
900193
900223
900292
900416
900531
900664
900702
900853
901028
901129
901252
901384
901406
901479
901526
901605
901631
901691
901822
901859
902033
902108
902261
902395
902398
902493
902613
902619
902747
902820
902852
902957
903122
903226
903399
903563
903590
903638
903754
903863
903965
903980
904111
904128
904232
904358
904494
904563
904645
904673
904806
904999
905145
905209
905320
905499
905648
905818
905896
906068
906071
906120
906262
906352
906476
906480
906585
906739
906846
906988
907017
907152
907218
907401
907451
907635
907702
907729
907745
907893
907983
908140
908310
908389
908532
908659
908690
908694
908826
909008
909079
909193
909209
909371
909406
909534
909619
909816
909903
910068
910240
910247
910282
910283
910448
910557
910677
910687
910824
910919
910926
910964
911081
911234
911263
911336
911502
911514
911609
911621
911816
911833
911876
911917
912025
912101
912234
912360
912371
912459
912633
912767
912891
912945
913128
913201
913386
913451
913499
913513
913564
913667
913843
913959
914143
914299
914465
914619
914658
914659
914774
914856
914876
914980
915074
915200
915388
915401
915473
915599
915708
915722
915901
915971
915984
916082
916247
916250
916388
916464
916632
916669
916681
916866
917057
917217
917381
917423
917500
917681
917876
917877
918020
918165
918235
918344
918502
918556
918632
918776
918897
918910
918938
918989
919091
919267
919456
919565
919649
919723
919770
919788
919790
919950
920069
920253
920430
920511
920570
920703
920707
920870
920920
921019
921172
921319
921399
921550
921590
921634
921672
921771
921951
922033
922112
922201
922265
922442
922626
922818
922838
922846
923005
923162
923206
923377
923537
923666
923668
923769
923850
923975
924013
924152
924219
924292
924469
924480
924650
924827
924918
925006
925161
925179
925316
925338
925527
925604
925701
925757
925801
925935
926133
926301
926478
926662
926744
926875
926890
926958
927001
927172
927258
927286
927334
927349
927393
927405
927570
927593
927698
927809
927820
927827
927883
928073
928265
928399
928476
928498
928566
928624
928800
928941
929095
929266
929271
929302
929470
929633
929776
929830
930004
930030
930109
930204
930287
930394
930556
930622
930675
930799
930858
930996
931025
931117
931155
931315
931416
931483
931537
931557
931668
931860
931894
931911
932040
932162
932261
932332
932454
932573
932685
932690
932888
932996
933063
933117
933237
933390
933518
933682
933856
934034
934095
934141
934203
934354
934477
934647
934705
934778
934958
935060
935180
935263
935447
935638
935726
935813
936011
936034
936149
936218
936407
936562
936601
936622
936782
936913
936947
936988
937071
937166
937348
937359
937426
937477
937485
937624
937728
937909
938082
938132
938133
938313
938403
938493
938561
938582
938764
938954
939092
939268
939357
939522
939561
939700
939838
940005
940181
940303
940430
940624
940679
940858
941026
941115
941204
941261
941390
941407
941477
941491
941516
941655
941715
941836
941926
942052
942163
942180
942305
942469
942512
942690
942729
942838
942877
942985
942996
943018
943134
943198
943396
943526
943643
943714
943777
943889
943919
943954
944091
944202
944203
944328
944379
944574
944610
944770
944811
944831
944981
945029
945038
945156
945303
945312
945422
945530
945576
945612
945679
945736
945859
946041
946173
946193
946334
946427
946533
946667
946823
946979
947061
947175
947343
947355
947467
947633
947675
947725
947760
947799
947950
948015
948077
948148
948311
948469
948484
948607
948743
948803
948809
948965
949114
949187
949264
949271
949296
949426
949447
949533
949563
949716
949807
949833
949925
949969
949990
950023
950124
950135
950182
950370
950398
950560
950671
950869
951064
951106
951226
951404
951561
951613
951749
951810
951872
951927
951997
952178
952347
952410
952435
952568
952730
952909
952988
952996
953129
953275
953349
953508
953611
953800
953806
953963
954112
954306
954498
954548
954643
954800
954927
954973
955104
955261
955386
955408
955486
955587
955766
955897
955959
956154
956305
956443
956615
956761
956948
956970
957039
957083
957137
957184
957353
957547
957733
957782
957888
957902
957904
957949
958005
958203
958231
958335
958516
958648
958844
958968
959046
959086
959188
959340
959527
959715
959782
959892
959986
960079
960250
960395
960406
960448
960629
960686
960803
960970
961073
961196
961296
961454
961538
961628
961811
961972
962146
962226
962413
962588
962731
962758
962767
962917
963059
963069
963267
963435
963547
963680
963776
963973
964138
964256
964314
964383
964529
964709
964862
964979
965115
965176
965212
965354
965491
965555
965618
965732
965881
965985
966028
966085
966119
966223
966400
966454
966601
966614
966770
966958
967038
967052
967229
967397
967588
967610
967803
967965
968011
968087
968193
968293
968452
968561
968601
968702
968713
968836
968897
969077
969274
969440
969473
969567
969678
969844
969873
969994
970117
970127
970157
970197
970221
970262
970404
970492
970596
970764
970801
970965
970970
970977
971143
971262
971412
971486
971666
971793
971953
971957
972003
972140
972263
972371
972560
972611
972631
972810
973008
973183
973260
973386
973420
973546
973564
973747
973751
973801
973937
974052
974107
974229
974366
974553
974615
974808
974985
975110
975145
975197
975338
975402
975448
975543
975689
975825
975888
975993
976067
976149
976196
976233
976342
976375
976571
976675
976775
976845
976932
976987
977181
977264
977361
977534
977539
977547
977662
977714
977903
978028
978100
978162
978214
978387
978414
978487
978506
978534
978643
978679
978834
978929
979050
979136
979278
979385
979541
979583
979603
979783
979829
979976
980156
980206
980250
980266
980409
980606
980766
980881
981070
981247
981278
981290
981417
981518
981625
981776
981874
981992
982143
982187
982192
982298
982397
982458
982656
982798
982812
982871
982875
982916
982921
983017
983102
983202
983225
983288
983460
983575
983707
983710
983766
983888
984020
984123
984192
984251
984337
984382
984478
984479
984531
984547
984619
984655
984806
984813
984871
984898
985034
985224
985404
985540
985653
985792
985990
986053
986248
986436
986558
986591
986773
986876
986964
987044
987132
987211
987219
987258
987401
987450
987625
987751
987795
987888
988059
988235
988340
988463
988625
988798
988945
989078
989088
989104
989223
989317
989497
989651
989686
989801
989828
989993
990029
990078
990276
990293
990345
990512
990635
990794
990844
990979
991053
991107
991169
991220
991298
991367
991419
991451
991568
991608
991650
991756
991954
992132
992147
992311
992335
992482
992549
992683
992687
992815
992978
