2 101
1 101
1 101
1 101
1 101
1 101
1 101
1 101
1 101
1 101
1 101
1 101
1 101
1 101
1 101
1 101
1 101
1 101
1 101
1 101
1 101
1 101
1 101
1 101
1 101
1 101
1 101
1 101
1 101
1 101
1 101
1 101
1 101
1 101
1 101
1 101
1 101
1 101
1 101
1 101
1 101
1 101
1 101
1 101
1 101
1 101
1 101
1 101
1 101
1 101
1 101
1 101
1 101
1 101
1 101
1 101
1 101
3 103
4 104
6 106
8 108
8 108
9 109
10 110
11 111
11 111
13 113
15 115
15 115
15 115
17 117
18 118
19 119
21 121
24 124
25 125
26 126
26 126
29 129
29 129
31 131
32 132
33 133
33 133
34 134
36 136
36 136
38 138
39 139
39 139
40 140
42 142
43 143
43 143
45 145
45 145
47 147
48 148
52 152
54 154
54 154
56 156
57 157
58 158
60 160
60 160
60 160
61 161
62 162
63 163
63 163
65 165
65 165
66 166
67 167
68 168
69 169
70 170
71 171
72 172
72 172
73 173
73 173
74 174
75 175
77 177
78 178
78 178
78 178
79 179
79 179
81 181
83 183
84 184
85 185
86 186
88 188
88 188
89 189
92 192
93 193
94 194
95 195
95 195
97 197
98 198
99 199
100 200
100 200
101 201
102 202
103 203
104 204
104 204
105 205
105 205
108 208
108 208
110 210
110 210
111 211
111 211
114 214
115 215
115 215
116 216
117 217
119 219
120 220
121 221
123 223
125 225
126 226
126 226
128 228
129 229
130 230
132 232
132 232
133 233
133 233
133 233
134 234
134 234
136 236
136 236
137 237
138 238
138 238
139 239
140 240
140 240
141 241
141 241
142 242
143 243
145 245
146 246
146 246
146 246
148 248
149 249
150 250
151 251
152 252
153 253
153 253
154 254
156 256
157 257
159 259
159 259
159 259
159 259
159 259
161 261
161 261
163 263
163 263
164 264
165 265
167 267
167 267
168 268
169 269
170 270
171 271
171 271
172 272
173 273
175 275
176 276
177 277
178 278
178 278
179 279
180 280
181 281
183 283
185 285
186 286
189 289
190 290
191 291
192 292
192 292
194 294
194 294
196 296
197 297
198 298
199 299
201 301
202 302
205 305
205 305
206 306
207 307
209 309
211 311
211 311
214 314
215 315
216 316
217 317
219 319
219 319
221 321
222 322
223 323
224 324
225 325
226 326
226 326
227 327
227 327
229 329
231 331
232 332
233 333
233 333
235 335
236 336
238 338
239 339
240 340
240 340
241 341
241 341
242 342
244 344
245 345
246 346
247 347
249 349
249 349
250 350
250 350
252 352
252 352
252 352
254 354
254 354
255 355
255 355
256 356
257 357
258 358
259 359
259 359
259 359
261 361
262 362
263 363
264 364
265 365
267 367
268 368
270 370
271 371
272 372
273 373
275 375
276 376
277 377
278 378
279 379
280 380
281 381
282 382
283 383
284 384
286 386
287 387
288 388
290 390
290 390
292 392
293 393
294 394
294 394
296 396
296 396
297 397
299 399
299 399
299 399
301 401
301 401
303 403
304 404
304 404
307 407
308 408
309 409
310 410
310 410
310 410
312 412
313 413
314 414
314 414
315 415
316 416
316 416
317 417
319 419
319 419
319 419
320 420
321 421
321 421
322 422
324 424
325 425
325 425
326 426
328 428
328 428
328 428
329 429
329 429
331 431
332 432
333 433
333 433
334 434
336 436
336 436
337 437
339 439
339 439
342 442
342 442
344 444
344 444
345 445
346 446
347 447
349 449
349 449
350 450
350 450
353 453
354 454
355 455
356 456
358 458
359 459
359 459
361 461
361 461
363 463
364 464
367 467
367 467
369 469
371 471
372 472
372 472
373 473
373 473
374 474
375 475
375 475
378 478
378 478
378 478
380 480
381 481
382 482
383 483
383 483
384 484
385 485
386 486
387 487
388 488
388 488
389 489
390 490
391 491
392 492
393 493
395 495
396 496
399 499
399 499
400 500
401 501
404 504
404 504
404 504
404 504
404 504
405 505
408 508
408 508
409 509
409 509
413 513
413 513
413 513
414 514
415 515
415 515
415 515
417 517
418 518
418 518
419 519
420 520
422 522
425 525
426 526
426 526
426 526
428 528
430 530
433 533
434 534
435 535
435 535
437 537
438 538
440 540
440 540
443 543
443 543
444 544
445 545
446 546
446 546
447 547
447 547
448 548
450 550
450 550
450 550
451 551
453 553
454 554
456 556
456 556
457 557
459 559
459 559
459 559
459 559
461 561
462 562
462 562
462 562
462 562
463 563
464 564
465 565
465 565
468 568
468 568
471 571
472 572
473 573
473 573
473 573
475 575
476 576
476 576
477 577
478 578
478 578
478 578
478 578
480 580
482 582
484 584
485 585
485 585
486 586
487 587
488 588
488 588
488 588
488 588
490 590
492 592
492 592
493 593
494 594
495 595
496 596
497 597
499 599
500 600
501 601
503 603
505 605
505 605
508 608
509 609
510 610
510 610
511 611
512 612
514 614
517 617
518 618
519 619
519 619
519 619
521 621
521 621
521 621
522 622
523 623
525 625
526 626
527 627
529 629
529 629
529 629
529 629
530 630
531 631
533 633
534 634
535 635
537 637
537 637
539 639
539 639
540 640
542 642
543 643
545 645
546 646
547 647
548 648
548 648
550 650
550 650
551 651
552 652
552 652
553 653
555 655
555 655
556 656
556 656
557 657
559 659
560 660
562 662
563 663
564 664
564 664
565 665
566 666
568 668
569 669
571 671
572 672
572 672
573 673
575 675
576 676
577 677
577 677
578 678
579 679
580 680
583 683
585 685
585 685
587 687
588 688
588 688
588 688
589 689
590 690
591 691
592 692
593 693
595 695
595 695
596 696
598 698
601 701
602 702
603 703
604 704
605 705
606 706
606 706
607 707
608 708
610 710
611 711
612 712
613 713
614 714
614 714
615 715
618 718
618 718
618 718
619 719
620 720
621 721
622 722
622 722
623 723
625 725
626 726
627 727
630 730
630 730
631 731
632 732
633 733
634 734
634 734
636 736
636 736
637 737
638 738
639 739
641 741
641 741
642 742
642 742
644 744
644 744
645 745
646 746
647 747
647 747
647 747
648 748
648 748
648 748
649 749
649 749
650 750
652 752
653 753
654 754
656 756
657 757
658 758
659 759
661 761
661 761
662 762
662 762
664 764
664 764
666 766
667 767
669 769
670 770
670 770
672 772
672 772
673 773
674 774
675 775
676 776
677 777
677 777
678 778
678 778
679 779
680 780
682 782
683 783
684 784
686 786
686 786
688 788
688 788
689 789
691 791
691 791
693 793
694 794
696 796
699 799
699 799
702 802
704 804
705 805
705 805
707 807
708 808
708 808
709 809
711 811
711 811
712 812
713 813
716 816
717 817
718 818
720 820
721 821
722 822
722 822
723 823
724 824
726 826
726 826
727 827
727 827
728 828
728 828
731 831
733 833
735 835
735 835
737 837
737 837
738 838
739 839
739 839
740 840
741 841
742 842
743 843
743 843
745 845
746 846
747 847
748 848
750 850
750 850
751 851
751 851
751 851
752 852
752 852
753 853
753 853
755 855
756 856
758 858
758 858
759 859
760 860
761 861
761 861
762 862
763 863
763 863
763 863
764 864
764 864
764 864
764 864
765 865
766 866
766 866
767 867
769 869
770 870
771 871
773 873
774 874
775 875
775 875
775 875
777 877
777 877
778 878
778 878
779 879
780 880
781 881
782 882
785 885
787 887
787 887
789 889
790 890
791 891
791 891
792 892
792 892
792 892
794 894
795 895
797 897
798 898
801 901
802 902
803 903
805 905
806 906
806 906
808 908
810 910
811 911
812 912
814 914
816 916
816 916
818 918
820 920
821 921
821 921
823 923
825 925
826 926
826 926
828 928
829 929
829 929
831 931
832 932
833 933
834 934
836 936
836 936
836 936
838 938
838 938
839 939
839 939
840 940
842 942
843 943
844 944
846 946
846 946
847 947
849 949
850 950
851 951
852 952
852 952
853 953
853 953
854 954
855 955
856 956
856 956
856 956
856 956
857 957
857 957
859 959
861 961
862 962
864 964
864 964
865 965
865 965
867 967
867 967
868 968
870 970
872 972
873 973
874 974
874 974
875 975
876 976
876 976
878 978
879 979
881 981
882 982
883 983
885 985
886 986
887 987
889 989
889 989
890 990
891 991
891 991
893 993
893 993
895 995
895 995
895 995
896 996
898 998
898 998
900 1000
901 1001
902 1002
902 1002
905 1005
906 1006
907 1007
910 1010
911 1011
912 1012
913 1013
913 1013
914 1014
915 1015
915 1015
918 1018
918 1018
919 1019
921 1021
923 1023
923 1023
923 1023
924 1024
926 1026
926 1026
927 1027
927 1027
929 1029
929 1029
931 1031
932 1032
933 1033
933 1033
934 1034
935 1035
937 1037
940 1040
940 1040
942 1042
942 1042
942 1042
944 1044
946 1046
946 1046
947 1047
948 1048
949 1049
950 1050
951 1051
952 1052
953 1053
954 1054
954 1054
955 1055
956 1056
956 1056
957 1057
959 1059
960 1060
960 1060
960 1060
960 1060
962 1062
964 1064
965 1065
966 1066
966 1066
966 1066
967 1067
968 1068
969 1069
969 1069
970 1070
971 1071
972 1072
973 1073
975 1075
975 1075
977 1077
978 1078
979 1079
979 1079
980 1080
980 1080
980 1080
981 1081
982 1082
984 1084
984 1084
984 1084
985 1085
986 1086
987 1087
988 1088
991 1091
991 1091
992 1092
994 1094
994 1094
994 1094
996 1096
998 1098
999 1099
1001 1101
1001 1101
1003 1103
1005 1105
1006 1106
1006 1106
1007 1107
1008 1108
1010 1110
1012 1112
1013 1113
1014 1114
1016 1116
1018 1118
1020 1120
1021 1121
1021 1121
1022 1122
1023 1123
1024 1124
1025 1125
1026 1126
1026 1126
1028 1128
1031 1131
1032 1132
1033 1133
1034 1134
1035 1135
1038 1138
1040 1140
1041 1141
1042 1142
1042 1142
1042 1142
1044 1144
1044 1144
1044 1144
1044 1144
1046 1146
1047 1147
1047 1147
1050 1150
1050 1150
1051 1151
1052 1152
1052 1152
1053 1153
1053 1153
1054 1154
1054 1154
1056 1156
1056 1156
1056 1156
1058 1158
1059 1159
1060 1160
1061 1161
1062 1162
1063 1163
1063 1163
1064 1164
1064 1164
1064 1164
1065 1165
1067 1167
1067 1167
1068 1168
1070 1170
1071 1171
1073 1173
1075 1175
1075 1175
1077 1177
1078 1178
1079 1179
1081 1181
1081 1181
1081 1181
1082 1182
1084 1184
1084 1184
1085 1185
1086 1186
1088 1188
1088 1188
1088 1188
1088 1188
1089 1189
1092 1192
1092 1192
1094 1194
1095 1195
1095 1195
1096 1196
1097 1197
1097 1197
1098 1198
1100 1200
1103 1203
1104 1204
1107 1207
1108 1208
1109 1209
1110 1210
1111 1211
1113 1213
1114 1214
1114 1214
1116 1216
1117 1217
1118 1218
1119 1219
1119 1219
1119 1219
1120 1220
1121 1221
1121 1221
1123 1223
1123 1223
1124 1224
1125 1225
1126 1226
1127 1227
1127 1227
1128 1228
1129 1229
1129 1229
1130 1230
1131 1231
1132 1232
1132 1232
1133 1233
1133 1233
1134 1234
1134 1234
1135 1235
1137 1237
1138 1238
1141 1241
1142 1242
1143 1243
1144 1244
1146 1246
1148 1248
1149 1249
1150 1250
1151 1251
1151 1251
1151 1251
1151 1251
1152 1252
1152 1252
1152 1252
1153 1253
1153 1253
1154 1254
1154 1254
1156 1256
1157 1257
1158 1258
1159 1259
1159 1259
1160 1260
1161 1261
1162 1262
1164 1264
1166 1266
1168 1268
1169 1269
1171 1271
1171 1271
1172 1272
1172 1272
1173 1273
1174 1274
1176 1276
1178 1278
1180 1280
1182 1282
1184 1284
1185 1285
1186 1286
1188 1288
1188 1288
1189 1289
1190 1290
1191 1291
1192 1292
1193 1293
1193 1293
1195 1295
1195 1295
1196 1296
1197 1297
1197 1297
1198 1298
1200 1300
1202 1302
1204 1304
1206 1306
1208 1308
1209 1309
1209 1309
1210 1310
1211 1311
1212 1312
1213 1313
1214 1314
1216 1316
1217 1317
1217 1317
1218 1318
1218 1318
1218 1318
1219 1319
1220 1320
1222 1322
1222 1322
1222 1322
1223 1323
1224 1324
1225 1325
1225 1325
1227 1327
1228 1328
1229 1329
1229 1329
1229 1329
1230 1330
1231 1331
1232 1332
1234 1334
1234 1334
1235 1335
1236 1336
1236 1336
1238 1338
1239 1339
1240 1340
1240 1340
1242 1342
1244 1344
1244 1344
1245 1345
1247 1347
1249 1349
1249 1349
1250 1350
1251 1351
1251 1351
1251 1351
1252 1352
1254 1354
1256 1356
1256 1356
1257 1357
1259 1359
1260 1360
1260 1360
1262 1362
1263 1363
1265 1365
1266 1366
1267 1367
1269 1369
1270 1370
1270 1370
1271 1371
1272 1372
1273 1373
1275 1375
1276 1376
1278 1378
1278 1378
1279 1379
1279 1379
1282 1382
1283 1383
1284 1384
1284 1384
1285 1385
1286 1386
1288 1388
1289 1389
1291 1391
1292 1392
1293 1393
1294 1394
1295 1395
1295 1395
1296 1396
1298 1398
1298 1398
1299 1399
1301 1401
1301 1401
1301 1401
1303 1403
1304 1404
1305 1405
1306 1406
1306 1406
1307 1407
1307 1407
1308 1408
1309 1409
1311 1411
1311 1411
1314 1414
1314 1414
1317 1417
1317 1417
1317 1417
1319 1419
1319 1419
1320 1420
1321 1421
1323 1423
1324 1424
1325 1425
1326 1426
1326 1426
1327 1427
1328 1428
1330 1430
1330 1430
1331 1431
1332 1432
1334 1434
1334 1434
1335 1435
1336 1436
1337 1437
1338 1438
1338 1438
1339 1439
1339 1439
1341 1441
1341 1441
1342 1442
1342 1442
1344 1444
1345 1445
1347 1447
1348 1448
1348 1448
1349 1449
1349 1449
1351 1451
1351 1451
1352 1452
1354 1454
1356 1456
1357 1457
1358 1458
1360 1460
1361 1461
1362 1462
1362 1462
1362 1462
1363 1463
1363 1463
1363 1463
1364 1464
1366 1466
1367 1467
1368 1468
1369 1469
1370 1470
1370 1470
1371 1471
1372 1472
1374 1474
1375 1475
1376 1476
1378 1478
1378 1478
1379 1479
1380 1480
1381 1481
1382 1482
1384 1484
1384 1484
1386 1486
1387 1487
1388 1488
1389 1489
1390 1490
1391 1491
1392 1492
1394 1494
1394 1494
1395 1495
1395 1495
1397 1497
1397 1497
1400 1500
1402 1502
1404 1504
1405 1505
1405 1505
1406 1506
1407 1507
1408 1508
1409 1509
1409 1509
1410 1510
1412 1512
1413 1513
1413 1513
1413 1513
1414 1514
1415 1515
1415 1515
1416 1516
1418 1518
1421 1521
1421 1521
1423 1523
1424 1524
1424 1524
1425 1525
1426 1526
1429 1529
1429 1529
1431 1531
1431 1531
1433 1533
1433 1533
1433 1533
1435 1535
1435 1535
1437 1537
1437 1537
1438 1538
1439 1539
1441 1541
1442 1542
1443 1543
1444 1544
1444 1544
1447 1547
1449 1549
1450 1550
1450 1550
1451 1551
1451 1551
1452 1552
1453 1553
1455 1555
1455 1555
1456 1556
1457 1557
1457 1557
1460 1560
1461 1561
1461 1561
1461 1561
1462 1562
1464 1564
1466 1566
1468 1568
1469 1569
1470 1570
1470 1570
1471 1571
1471 1571
1472 1572
1473 1573
1473 1573
1475 1575
1477 1577
1477 1577
1478 1578
1479 1579
1479 1579
1480 1580
1480 1580
1483 1583
1483 1583
1484 1584
1484 1584
1485 1585
1485 1585
1485 1585
1485 1585
1487 1587
1488 1588
1490 1590
1491 1591
1492 1592
1493 1593
1494 1594
1494 1594
1495 1595
1495 1595
1496 1596
1497 1597
1498 1598
1500 1600
1501 1601
1501 1601
1503 1603
1503 1603
1503 1603
1505 1605
1505 1605
1506 1606
1508 1608
1508 1608
1512 1612
1513 1613
1514 1614
1514 1614
1516 1616
1516 1616
1518 1618
1519 1619
1521 1621
1522 1622
1523 1623
1525 1625
1526 1626
1527 1627
1529 1629
1529 1629
1531 1631
1533 1633
1533 1633
1535 1635
1537 1637
1538 1638
1540 1640
1541 1641
1542 1642
1543 1643
1544 1644
1545 1645
1548 1648
1550 1650
1550 1650
1552 1652
1553 1653
1554 1654
1555 1655
1556 1656
1556 1656
1556 1656
1558 1658
1559 1659
1562 1662
1562 1662
1563 1663
1564 1664
1565 1665
1566 1666
1566 1666
1566 1666
1567 1667
1568 1668
1568 1668
1569 1669
1570 1670
1570 1670
1572 1672
1573 1673
1573 1673
1574 1674
1574 1674
1575 1675
1576 1676
1577 1677
1578 1678
1578 1678
1578 1678
1579 1679
1580 1680
1580 1680
1581 1681
1583 1683
1584 1684
1584 1684
1585 1685
1586 1686
1587 1687
1589 1689
1590 1690
1591 1691
1592 1692
1592 1692
1592 1692
1593 1693
1594 1694
1594 1694
1594 1694
1595 1695
1596 1696
1597 1697
1597 1697
1598 1698
1599 1699
1602 1702
1602 1702
1604 1704
1604 1704
1604 1704
1606 1706
1606 1706
1608 1708
1608 1708
1611 1711
1612 1712
1612 1712
1612 1712
1614 1714
1615 1715
1615 1715
1616 1716
1616 1716
1618 1718
1620 1720
1621 1721
1622 1722
1622 1722
1623 1723
1624 1724
1626 1726
1627 1727
1629 1729
1630 1730
1630 1730
1630 1730
1632 1732
1633 1733
1634 1734
1636 1736
1637 1737
1638 1738
1639 1739
1640 1740
1641 1741
1642 1742
1642 1742
1643 1743
1645 1745
1646 1746
1649 1749
1650 1750
1651 1751
1654 1754
1655 1755
1655 1755
1655 1755
1657 1757
1658 1758
1658 1758
1659 1759
1659 1759
1661 1761
1662 1762
1663 1763
1665 1765
1668 1768
1668 1768
1671 1771
1673 1773
1673 1773
1674 1774
1675 1775
1676 1776
1677 1777
1678 1778
1679 1779
1680 1780
1681 1781
1684 1784
1685 1785
1686 1786
1687 1787
1689 1789
1690 1790
1691 1791
1692 1792
1693 1793
1693 1793
1694 1794
1695 1795
1695 1795
1697 1797
1698 1798
1700 1800
1700 1800
1700 1800
1701 1801
1702 1802
1703 1803
1704 1804
1704 1804
1705 1805
1706 1806
1706 1806
1706 1806
1707 1807
1707 1807
1708 1808
1710 1810
1712 1812
1712 1812
1714 1814
1714 1814
1715 1815
1716 1816
1718 1818
1718 1818
1718 1818
1719 1819
1719 1819
1719 1819
1720 1820
1721 1821
1723 1823
1723 1823
1725 1825
1726 1826
1728 1828
1729 1829
1731 1831
1731 1831
1731 1831
1732 1832
1733 1833
1733 1833
1734 1834
1735 1835
1735 1835
1735 1835
1737 1837
1739 1839
1740 1840
1741 1841
1742 1842
1743 1843
1744 1844
1745 1845
1745 1845
1746 1846
1747 1847
1748 1848
1750 1850
1751 1851
1752 1852
1753 1853
1755 1855
1756 1856
1758 1858
1759 1859
1759 1859
1760 1860
1762 1862
1762 1862
1763 1863
1764 1864
1764 1864
1765 1865
1765 1865
1766 1866
1768 1868
1768 1868
1768 1868
1770 1870
1771 1871
1773 1873
1773 1873
1774 1874
1775 1875
1776 1876
1777 1877
1777 1877
1778 1878
1778 1878
1779 1879
1780 1880
1783 1883
1783 1883
1785 1885
1785 1885
1786 1886
1787 1887
1787 1887
1791 1891
1791 1891
1792 1892
1793 1893
1794 1894
1795 1895
1796 1896
1797 1897
1798 1898
1801 1901
1801 1901
1802 1902
1803 1903
1804 1904
1806 1906
1807 1907
1808 1908
1808 1908
1810 1910
1810 1910
1811 1911
1814 1914
1815 1915
1819 1919
1820 1920
1820 1920
1823 1923
1823 1923
1824 1924
1825 1925
1827 1927
1828 1928
1829 1929
1830 1930
1831 1931
1831 1931
1832 1932
1834 1934
1836 1936
1836 1936
1836 1936
1837 1937
1837 1937
1839 1939
1839 1939
1841 1941
1841 1941
1841 1941
1842 1942
1842 1942
1843 1943
1845 1945
1846 1946
1847 1947
1849 1949
1849 1949
1849 1949
1850 1950
1851 1951
1852 1952
1852 1952
1853 1953
1854 1954
1855 1955
1857 1957
1858 1958
1859 1959
1861 1961
1861 1961
1862 1962
1863 1963
1864 1964
1865 1965
1865 1965
1865 1965
1865 1965
1866 1966
1867 1967
1867 1967
1867 1967
1869 1969
1869 1969
1870 1970
1871 1971
1872 1972
1873 1973
1874 1974
1875 1975
1877 1977
1879 1979
1880 1980
1880 1980
1881 1981
1881 1981
1883 1983
1886 1986
1888 1988
1889 1989
1891 1991
1893 1993
1894 1994
1895 1995
1896 1996
1897 1997
1898 1998
1900 2000
1901 2001
1903 2003
1903 2003
1904 2004
1906 2006
1906 2006
1907 2007
1908 2008
1909 2009
1910 2010
1911 2011
1912 2012
1913 2013
1914 2014
1915 2015
1916 2016
1917 2017
1918 2018
1919 2019
1920 2020
1921 2021
1924 2024
1926 2026
1928 2028
1930 2030
1931 2031
1932 2032
1932 2032
1933 2033
1935 2035
1936 2036
1937 2037
1937 2037
1938 2038
1939 2039
1939 2039
1939 2039
1939 2039
1940 2040
1941 2041
1943 2043
1944 2044
1945 2045
1945 2045
1946 2046
1946 2046
1947 2047
1948 2048
1949 2049
1951 2051
1952 2052
1954 2054
1954 2054
1955 2055
1955 2055
1958 2058
1958 2058
1959 2059
1961 2061
1962 2062
1962 2062
1963 2063
1963 2063
1963 2063
1965 2065
1966 2066
1967 2067
1970 2070
1971 2071
1972 2072
1973 2073
1973 2073
1973 2073
1974 2074
1975 2075
1976 2076
1978 2078
1978 2078
1978 2078
1978 2078
1978 2078
1979 2079
1980 2080
1980 2080
1980 2080
1981 2081
1981 2081
1982 2082
1983 2083
1984 2084
1985 2085
1987 2087
1989 2089
1989 2089
1989 2089
1990 2090
1991 2091
1991 2091
1993 2093
1995 2095
1996 2096
1997 2097
1997 2097
1998 2098
1998 2098
1999 2099
2000 2100
2001 2101
2001 2101
2002 2102
2004 2104
2004 2104
2005 2105
2005 2105
2006 2106
2007 2107
2009 2109
2010 2110
2012 2112
2014 2114
2014 2114
2014 2114
2015 2115
2015 2115
2016 2116
2017 2117
2019 2119
2019 2119
2019 2119
2020 2120
2022 2122
2024 2124
2026 2126
2028 2128
2030 2130
2031 2131
2033 2133
2035 2135
2036 2136
2038 2138
2038 2138
2039 2139
2040 2140
2041 2141
2041 2141
2042 2142
2044 2144
2045 2145
2046 2146
2047 2147
2048 2148
2050 2150
2050 2150
2051 2151
2052 2152
2054 2154
2055 2155
2056 2156
2058 2158
2058 2158
2059 2159
2060 2160
2061 2161
2061 2161
2063 2163
2063 2163
2063 2163
2064 2164
2064 2164
2067 2167
2067 2167
2069 2169
2071 2171
2073 2173
2074 2174
2075 2175
2076 2176
2078 2178
2079 2179
2080 2180
2080 2180
2081 2181
2082 2182
2083 2183
2084 2184
2085 2185
2086 2186
2086 2186
2087 2187
2088 2188
2089 2189
2090 2190
2092 2192
2094 2194
2095 2195
2096 2196
2097 2197
2098 2198
2099 2199
2101 2201
2101 2201
2101 2201
2103 2203
2104 2204
2105 2205
2105 2205
2106 2206
2106 2206
2107 2207
2109 2209
2111 2211
2113 2213
2113 2213
2115 2215
2118 2218
2119 2219
2120 2220
2120 2220
2120 2220
2120 2220
2122 2222
2123 2223
2123 2223
2123 2223
2125 2225
2126 2226
2126 2226
2126 2226
2127 2227
2128 2228
2128 2228
2130 2230
2131 2231
2132 2232
2133 2233
2134 2234
2136 2236
2137 2237
2139 2239
2140 2240
2141 2241
2141 2241
2142 2242
2142 2242
2143 2243
2144 2244
2144 2244
2146 2246
2147 2247
2148 2248
2149 2249
2150 2250
2151 2251
2152 2252
2154 2254
2155 2255
2155 2255
2157 2257
2157 2257
2158 2258
2159 2259
2160 2260
2160 2260
2161 2261
2162 2262
2163 2263
2164 2264
2164 2264
2165 2265
2165 2265
2165 2265
2168 2268
2170 2270
2170 2270
2171 2271
2173 2273
2173 2273
2174 2274
2176 2276
2177 2277
2178 2278
2180 2280
2180 2280
2180 2280
2182 2282
2183 2283
2184 2284
2184 2284
2185 2285
2186 2286
2187 2287
2187 2287
2188 2288
2191 2291
2193 2293
2193 2293
2195 2295
2195 2295
2197 2297
2197 2297
2198 2298
2198 2298
2200 2300
2201 2301
2201 2301
2202 2302
2203 2303
2206 2306
2206 2306
2208 2308
2208 2308
2209 2309
2209 2309
2211 2311
2212 2312
2213 2313
2215 2315
2215 2315
2216 2316
2216 2316
2216 2316
2219 2319
2220 2320
2221 2321
2222 2322
2224 2324
2227 2327
2227 2327
2229 2329
2229 2329
2230 2330
2231 2331
2232 2332
2233 2333
2233 2333
2234 2334
2234 2334
2236 2336
2237 2337
2239 2339
2241 2341
2242 2342
2242 2342
2242 2342
2242 2342
2243 2343
2244 2344
2246 2346
2246 2346
2247 2347
2248 2348
2251 2351
2252 2352
2252 2352
2252 2352
2255 2355
2255 2355
2256 2356
2256 2356
2258 2358
2260 2360
2261 2361
2262 2362
2263 2363
2264 2364
2264 2364
2265 2365
2267 2367
2269 2369
2270 2370
2270 2370
2272 2372
2273 2373
2273 2373
2274 2374
2275 2375
2275 2375
2275 2375
2276 2376
2277 2377
2278 2378
2279 2379
2281 2381
2283 2383
2283 2383
2285 2385
2287 2387
2288 2388
2289 2389
2289 2389
2289 2389
2291 2391
2292 2392
2293 2393
2294 2394
2295 2395
2296 2396
2296 2396
2298 2398
2299 2399
2300 2400
2300 2400
2301 2401
2302 2402
2303 2403
2305 2405
2306 2406
2307 2407
2309 2409
2309 2409
2310 2410
2311 2411
2312 2412
2313 2413
2315 2415
2315 2415
2317 2417
2318 2418
2319 2419
2320 2420
2322 2422
2324 2424
2325 2425
2325 2425
2327 2427
2328 2428
2328 2428
2330 2430
2330 2430
2331 2431
2332 2432
2332 2432
2332 2432
2334 2434
2335 2435
2336 2436
2336 2436
2336 2436
2337 2437
2337 2437
2340 2440
2341 2441
2342 2442
2344 2444
2344 2444
2345 2445
2345 2445
2346 2446
2348 2448
2348 2448
2348 2448
2350 2450
2352 2452
2352 2452
2353 2453
2354 2454
2355 2455
2355 2455
2356 2456
2357 2457
2358 2458
2358 2458
2358 2458
2360 2460
2361 2461
2362 2462
2363 2463
2363 2463
2365 2465
2365 2465
2366 2466
2368 2468
2368 2468
2368 2468
2368 2468
2370 2470
2371 2471
2372 2472
2373 2473
2374 2474
2375 2475
2376 2476
2377 2477
2378 2478
2380 2480
2383 2483
2383 2483
2384 2484
2386 2486
2388 2488
2389 2489
2390 2490
2391 2491
2391 2491
2393 2493
2393 2493
2395 2495
2396 2496
2397 2497
2397 2497
2400 2500
2400 2500
2401 2501
2403 2503
2404 2504
2407 2507
2408 2508
2408 2508
2409 2509
2410 2510
2412 2512
2412 2512
2413 2513
2415 2515
2417 2517
2417 2517
2418 2518
2419 2519
2419 2519
2420 2520
2422 2522
2423 2523
2425 2525
2425 2525
2427 2527
2428 2528
2430 2530
2432 2532
2433 2533
2434 2534
2434 2534
2434 2534
2435 2535
2436 2536
2437 2537
2438 2538
2438 2538
2439 2539
2439 2539
2440 2540
2441 2541
2442 2542
2443 2543
2443 2543
2445 2545
2446 2546
2446 2546
2448 2548
2449 2549
2451 2551
2451 2551
2451 2551
2452 2552
2453 2553
2454 2554
2454 2554
2455 2555
2456 2556
2457 2557
2458 2558
2460 2560
2460 2560
2462 2562
2462 2562
2463 2563
2463 2563
2464 2564
2465 2565
2467 2567
2468 2568
2468 2568
2469 2569
2469 2569
2471 2571
2472 2572
2472 2572
2472 2572
2473 2573
2474 2574
2475 2575
2476 2576
2476 2576
2477 2577
2478 2578
2479 2579
2481 2581
2481 2581
2482 2582
2484 2584
2484 2584
2485 2585
2488 2588
2489 2589
2490 2590
2491 2591
2493 2593
2493 2593
2494 2594
2496 2596
2496 2596
2497 2597
2498 2598
2500 2600
2501 2601
2502 2602
2502 2602
2504 2604
2505 2605
2507 2607
2507 2607
2507 2607
2508 2608
2509 2609
2509 2609
2512 2612
2514 2614
2516 2616
2517 2617
2517 2617
2519 2619
2519 2619
2520 2620
2521 2621
2522 2622
2523 2623
2525 2625
2527 2627
2527 2627
2528 2628
2528 2628
2528 2628
2529 2629
2532 2632
2532 2632
2533 2633
2534 2634
2536 2636
2537 2637
2537 2637
2537 2637
2538 2638
2539 2639
2540 2640
2541 2641
2542 2642
2543 2643
2545 2645
2546 2646
2546 2646
2548 2648
2549 2649
2549 2649
2550 2650
2551 2651
2553 2653
2555 2655
2555 2655
2557 2657
2557 2657
2560 2660
2561 2661
2562 2662
2563 2663
2563 2663
2564 2664
2564 2664
2565 2665
2566 2666
2566 2666
2568 2668
2569 2669
2570 2670
2572 2672
2574 2674
2575 2675
2577 2677
2577 2677
2578 2678
2578 2678
2578 2678
2581 2681
2581 2681
2582 2682
2583 2683
2585 2685
2587 2687
2587 2687
2588 2688
2589 2689
2591 2691
2592 2692
2594 2694
2594 2694
2596 2696
2596 2696
2598 2698
2598 2698
2599 2699
2599 2699
2599 2699
2601 2701
2603 2703
2604 2704
2604 2704
2604 2704
2604 2704
2605 2705
2606 2706
2606 2706
2607 2707
2607 2707
2608 2708
2609 2709
2611 2711
2611 2711
2612 2712
2613 2713
2613 2713
2615 2715
2617 2717
2617 2717
2617 2717
2619 2719
2619 2719
2621 2721
2621 2721
2622 2722
2622 2722
2623 2723
2624 2724
2625 2725
2628 2728
2629 2729
2630 2730
2630 2730
2630 2730
2631 2731
2632 2732
2632 2732
2634 2734
2634 2734
2636 2736
2636 2736
2638 2738
2638 2738
2639 2739
2641 2741
2641 2741
2643 2743
2646 2746
2648 2748
2650 2750
2650 2750
2651 2751
2651 2751
2654 2754
2657 2757
2659 2759
2660 2760
2660 2760
2662 2762
2665 2765
2665 2765
2667 2767
2667 2767
2668 2768
2669 2769
2670 2770
2671 2771
2673 2773
2674 2774
2675 2775
2675 2775
2677 2777
2678 2778
2678 2778
2680 2780
2680 2780
2680 2780
2682 2782
2682 2782
2684 2784
2686 2786
2688 2788
2690 2790
2690 2790
2692 2792
2694 2794
2694 2794
2696 2796
2696 2796
2697 2797
2698 2798
2698 2798
2698 2798
2698 2798
2699 2799
2699 2799
2699 2799
2700 2800
2700 2800
2701 2801
2702 2802
2704 2804
2704 2804
2705 2805
2705 2805
2706 2806
2706 2806
2707 2807
2707 2807
2709 2809
2710 2810
2712 2812
2712 2812
2712 2812
2712 2812
2714 2814
2716 2816
2717 2817
2718 2818
2719 2819
2720 2820
2722 2822
2722 2822
2723 2823
2725 2825
2725 2825
2725 2825
2728 2828
2730 2830
2730 2830
2731 2831
2732 2832
2733 2833
2735 2835
2735 2835
2736 2836
2737 2837
2737 2837
2738 2838
2738 2838
2740 2840
2741 2841
2742 2842
2744 2844
2747 2847
2747 2847
2748 2848
2748 2848
2750 2850
2751 2851
2751 2851
2753 2853
2754 2854
2755 2855
2755 2855
2757 2857
2758 2858
2759 2859
2760 2860
2761 2861
2761 2861
2761 2861
2761 2861
2761 2861
2763 2863
2764 2864
2765 2865
2767 2867
2768 2868
2768 2868
2770 2870
2770 2870
2771 2871
2772 2872
2772 2872
2774 2874
2774 2874
2775 2875
2775 2875
2776 2876
2777 2877
2778 2878
2778 2878
2779 2879
2781 2881
2782 2882
2783 2883
2784 2884
2784 2884
2784 2884
2785 2885
2785 2885
2786 2886
2786 2886
2787 2887
2790 2890
2790 2890
2791 2891
2794 2894
2795 2895
2797 2897
2799 2899
2799 2899
2799 2899
2799 2899
2800 2900
2802 2902
2804 2904
2807 2907
2807 2907
2808 2908
2810 2910
2810 2910
2813 2913
2814 2914
2816 2916
2818 2918
2819 2919
2819 2919
2819 2919
2821 2921
2823 2923
2824 2924
2826 2926
2829 2929
2830 2930
2831 2931
2832 2932
2832 2932
2834 2934
2834 2934
2835 2935
2836 2936
2837 2937
2839 2939
2839 2939
2844 2944
2845 2945
2845 2945
2845 2945
2846 2946
2847 2947
2847 2947
2848 2948
2849 2949
2850 2950
2851 2951
2853 2953
2854 2954
2856 2956
2857 2957
2857 2957
2858 2958
2859 2959
2860 2960
2860 2960
2860 2960
2862 2962
2863 2963
2864 2964
2866 2966
2867 2967
2867 2967
2868 2968
2868 2968
2871 2971
2871 2971
2871 2971
2872 2972
2873 2973
2873 2973
2874 2974
2874 2974
2875 2975
2875 2975
2875 2975
2876 2976
2876 2976
2876 2976
2878 2978
2880 2980
2882 2982
2883 2983
2884 2984
2886 2986
2886 2986
2887 2987
2889 2989
2889 2989
2890 2990
2890 2990
2891 2991
2891 2991
2891 2991
2891 2991
2893 2993
2896 2996
2897 2997
2898 2998
2898 2998
2900 3000
2900 3000
2901 3001
2901 3001
2902 3002
2903 3003
2904 3004
2905 3005
2908 3008
2910 3010
2911 3011
2911 3011
2911 3011
2911 3011
2914 3014
2914 3014
2915 3015
2916 3016
2917 3017
2918 3018
2919 3019
2919 3019
2921 3021
2922 3022
2926 3026
2929 3029
2930 3030
2930 3030
2931 3031
2931 3031
2932 3032
2932 3032
2933 3033
2935 3035
2935 3035
2935 3035
2938 3038
2938 3038
2938 3038
2940 3040
2941 3041
2944 3044
2944 3044
2946 3046
2947 3047
2947 3047
2948 3048
2949 3049
2949 3049
2950 3050
2951 3051
2951 3051
2951 3051
2952 3052
2954 3054
2956 3056
2956 3056
2956 3056
2956 3056
2957 3057
2959 3059
2960 3060
2960 3060
2961 3061
2962 3062
2963 3063
2965 3065
2966 3066
2967 3067
2968 3068
2969 3069
2972 3072
2972 3072
2973 3073
2973 3073
2974 3074
2974 3074
2975 3075
2975 3075
2976 3076
2978 3078
2981 3081
2983 3083
2983 3083
2984 3084
2987 3087
2987 3087
2987 3087
2988 3088
2991 3091
2992 3092
2992 3092
2992 3092
2994 3094
2996 3096
2997 3097
2997 3097
2998 3098
2999 3099
3002 3102
3003 3103
3005 3105
3005 3105
3006 3106
3006 3106
3010 3110
3011 3111
3012 3112
3012 3112
3013 3113
3013 3113
3015 3115
3016 3116
3017 3117
3018 3118
3019 3119
3020 3120
3021 3121
3022 3122
3024 3124
3025 3125
3026 3126
3028 3128
3029 3129
3030 3130
3031 3131
3031 3131
3032 3132
3033 3133
3033 3133
3033 3133
3034 3134
3034 3134
3036 3136
3036 3136
3036 3136
3036 3136
3040 3140
3040 3140
3041 3141
3041 3141
3043 3143
3044 3144
3045 3145
3045 3145
3045 3145
3046 3146
3048 3148
3050 3150
3051 3151
3051 3151
3052 3152
3052 3152
3054 3154
3056 3156
3057 3157
3058 3158
3060 3160
3060 3160
3061 3161
3062 3162
3063 3163
3063 3163
3065 3165
3067 3167
3068 3168
3068 3168
3068 3168
3069 3169
3070 3170
3072 3172
3073 3173
3073 3173
3073 3173
3076 3176
3077 3177
3077 3177
3079 3179
3081 3181
3082 3182
3082 3182
3083 3183
3083 3183
3084 3184
3085 3185
3086 3186
3088 3188
3088 3188
3088 3188
3088 3188
3089 3189
3090 3190
3091 3191
3093 3193
3093 3193
3094 3194
3096 3196
3096 3196
3097 3197
3098 3198
3099 3199
3099 3199
3101 3201
3102 3202
3104 3204
3104 3204
3104 3204
3106 3206
3107 3207
3107 3207
3109 3209
3109 3209
3111 3211
3112 3212
3112 3212
3112 3212
3114 3214
3115 3215
3115 3215
3116 3216
3118 3218
3120 3220
3120 3220
3121 3221
3121 3221
3122 3222
3123 3223
3126 3226
3126 3226
3126 3226
3127 3227
3128 3228
3130 3230
3132 3232
3134 3234
3135 3235
3137 3237
3137 3237
3139 3239
3141 3241
3141 3241
3143 3243
3144 3244
3145 3245
3147 3247
3148 3248
3150 3250
3150 3250
3152 3252
3154 3254
3155 3255
3155 3255
3157 3257
3157 3257
3158 3258
3158 3258
3159 3259
3160 3260
3160 3260
3163 3263
3163 3263
3165 3265
3166 3266
3167 3267
3168 3268
3168 3268
3170 3270
3171 3271
3171 3271
3172 3272
3174 3274
3175 3275
3175 3275
3177 3277
3177 3277
3177 3277
3179 3279
3180 3280
3180 3280
3180 3280
3182 3282
3182 3282
3183 3283
3184 3284
3185 3285
3186 3286
3186 3286
3188 3288
3188 3288
3189 3289
3189 3289
3190 3290
3191 3291
3193 3293
3193 3293
3194 3294
3194 3294
3194 3294
3195 3295
3195 3295
3196 3296
3196 3296
3197 3297
3197 3297
3197 3297
3198 3298
3199 3299
3200 3300
3201 3301
3202 3302
3205 3305
3205 3305
3206 3306
3209 3309
3209 3309
3211 3311
3213 3313
3213 3313
3213 3313
3214 3314
3215 3315
3216 3316
3217 3317
3219 3319
3220 3320
3222 3322
3223 3323
3224 3324
3225 3325
3226 3326
3228 3328
3228 3328
3231 3331
3233 3333
3234 3334
3235 3335
3237 3337
3238 3338
3240 3340
3240 3340
3241 3341
3244 3344
3245 3345
3246 3346
3248 3348
3250 3350
3251 3351
3252 3352
3255 3355
3257 3357
3259 3359
3259 3359
3260 3360
3260 3360
3260 3360
3261 3361
3261 3361
3261 3361
3261 3361
3264 3364
3264 3364
3265 3365
3266 3366
3267 3367
3268 3368
3271 3371
3273 3373
3273 3373
3274 3374
3276 3376
3276 3376
3276 3376
3277 3377
3278 3378
3279 3379
3281 3381
3281 3381
3281 3381
3283 3383
3283 3383
3284 3384
3284 3384
3285 3385
3285 3385
3286 3386
3286 3386
3287 3387
3289 3389
3291 3391
3291 3391
3292 3392
3293 3393
3294 3394
3294 3394
3294 3394
3295 3395
3296 3396
3299 3399
3300 3400
3301 3401
3301 3401
3302 3402
3303 3403
3306 3406
3307 3407
3307 3407
3307 3407
3309 3409
3310 3410
3310 3410
3313 3413
3314 3414
3314 3414
3315 3415
3315 3415
3317 3417
3317 3417
3317 3417
3319 3419
3319 3419
3320 3420
3321 3421
3321 3421
3322 3422
3324 3424
3324 3424
3325 3425
3326 3426
3327 3427
3328 3428
3328 3428
3329 3429
3330 3430
3332 3432
3333 3433
3335 3435
3337 3437
3338 3438
3338 3438
3338 3438
3338 3438
3339 3439
3341 3441
3342 3442
3343 3443
3343 3443
3346 3446
3346 3446
3346 3446
3347 3447
3348 3448
3349 3449
3351 3451
3352 3452
3352 3452
3352 3452
3353 3453
3355 3455
3357 3457
3357 3457
3358 3458
3359 3459
3360 3460
3360 3460
3361 3461
3362 3462
3363 3463
3365 3465
3365 3465
3366 3466
3368 3468
3369 3469
3372 3472
3372 3472
3373 3473
3375 3475
3376 3476
3377 3477
3378 3478
3380 3480
3380 3480
3381 3481
3382 3482
3384 3484
3384 3484
3384 3484
3386 3486
3386 3486
3386 3486
3387 3487
3390 3490
3390 3490
3391 3491
3392 3492
3393 3493
3394 3494
3394 3494
3395 3495
3395 3495
3397 3497
3397 3497
3399 3499
3401 3501
3402 3502
3402 3502
3403 3503
3405 3505
3407 3507
3407 3507
3408 3508
3409 3509
3413 3513
3414 3514
3415 3515
3416 3516
3416 3516
3418 3518
3420 3520
3422 3522
3422 3522
3422 3522
3423 3523
3425 3525
3426 3526
3426 3526
3427 3527
3429 3529
3430 3530
3432 3532
3432 3532
3434 3534
3437 3537
3437 3537
3438 3538
3439 3539
3440 3540
3442 3542
3443 3543
3443 3543
3444 3544
3444 3544
3446 3546
3448 3548
3450 3550
3451 3551
3453 3553
3453 3553
3453 3553
3454 3554
3456 3556
3457 3557
3459 3559
3461 3561
3461 3561
3462 3562
3463 3563
3463 3563
3463 3563
3465 3565
3467 3567
3467 3567
3467 3567
3467 3567
3468 3568
3469 3569
3469 3569
3469 3569
3470 3570
3470 3570
3472 3572
3472 3572
3473 3573
3474 3574
3475 3575
3476 3576
3477 3577
3478 3578
3478 3578
3479 3579
3479 3579
3480 3580
3480 3580
3481 3581
3481 3581
3482 3582
3484 3584
3484 3584
3484 3584
3486 3586
3486 3586
3488 3588
3488 3588
3489 3589
3492 3592
3493 3593
3494 3594
3494 3594
3495 3595
3496 3596
3497 3597
3499 3599
3500 3600
3502 3602
3502 3602
3502 3602
3503 3603
3503 3603
3504 3604
3504 3604
3505 3605
3505 3605
3506 3606
3506 3606
3507 3607
3509 3609
3510 3610
3510 3610
3512 3612
3514 3614
3515 3615
3516 3616
3516 3616
3518 3618
3520 3620
3522 3622
3522 3622
3523 3623
3524 3624
3526 3626
3528 3628
3530 3630
3531 3631
3533 3633
3534 3634
3536 3636
3536 3636
3537 3637
3538 3638
3541 3641
3542 3642
3542 3642
3543 3643
3544 3644
3545 3645
3545 3645
3545 3645
3545 3645
3548 3648
3548 3648
3549 3649
3550 3650
3551 3651
3553 3653
3553 3653
3555 3655
3558 3658
3560 3660
3563 3663
3564 3664
3565 3665
3565 3665
3566 3666
3568 3668
3569 3669
3569 3669
3570 3670
3572 3672
3572 3672
3573 3673
3574 3674
3574 3674
3575 3675
3577 3677
3578 3678
3579 3679
3579 3679
3579 3679
3580 3680
3581 3681
3581 3681
3582 3682
3583 3683
3583 3683
3584 3684
3585 3685
3585 3685
3586 3686
3588 3688
3589 3689
3589 3689
3589 3689
3589 3689
3590 3690
3591 3691
3593 3693
3594 3694
3595 3695
3597 3697
3598 3698
3598 3698
3599 3699
3599 3699
3600 3700
3602 3702
3603 3703
3604 3704
3605 3705
3605 3705
3606 3706
3607 3707
3608 3708
3609 3709
3609 3709
3610 3710
3610 3710
3612 3712
3613 3713
3613 3713
3615 3715
3617 3717
3618 3718
3619 3719
3621 3721
3623 3723
3624 3724
3625 3725
3627 3727
3629 3729
3630 3730
3632 3732
3633 3733
3633 3733
3634 3734
3636 3736
3637 3737
3638 3738
3638 3738
3640 3740
3643 3743
3644 3744
3645 3745
3645 3745
3646 3746
3647 3747
3647 3747
3649 3749
3649 3749
3650 3750
3651 3751
3653 3753
3654 3754
3655 3755
3656 3756
3656 3756
3657 3757
3658 3758
3659 3759
3659 3759
3660 3760
3662 3762
3664 3764
3664 3764
3666 3766
3667 3767
3668 3768
3668 3768
3669 3769
3670 3770
3671 3771
3672 3772
3672 3772
3672 3772
3672 3772
3674 3774
3675 3775
3675 3775
3676 3776
3677 3777
3678 3778
3679 3779
3679 3779
3680 3780
3681 3781
3684 3784
3685 3785
3686 3786
3687 3787
3689 3789
3689 3789
3689 3789
3690 3790
3691 3791
3692 3792
3695 3795
3696 3796
3696 3796
3699 3799
3700 3800
3700 3800
3701 3801
3703 3803
3705 3805
3705 3805
3706 3806
3707 3807
3707 3807
3709 3809
3710 3810
3711 3811
3713 3813
3713 3813
3714 3814
3715 3815
3716 3816
3717 3817
3717 3817
3718 3818
3719 3819
3720 3820
3721 3821
3723 3823
3724 3824
3725 3825
3725 3825
3726 3826
3728 3828
3728 3828
3728 3828
3730 3830
3730 3830
3732 3832
3733 3833
3733 3833
3733 3833
3734 3834
3735 3835
3735 3835
3736 3836
3736 3836
3737 3837
3739 3839
3741 3841
3742 3842
3742 3842
3742 3842
3744 3844
3745 3845
3745 3845
3746 3846
3747 3847
3748 3848
3748 3848
3748 3848
3750 3850
3751 3851
3753 3853
3755 3855
3756 3856
3757 3857
3757 3857
3758 3858
3758 3858
3759 3859
3760 3860
3761 3861
3763 3863
3764 3864
3765 3865
3767 3867
3768 3868
3768 3868
3769 3869
3771 3871
3772 3872
3773 3873
3775 3875
3776 3876
3778 3878
3779 3879
3780 3880
3780 3880
3781 3881
3782 3882
3784 3884
3785 3885
3786 3886
3788 3888
3790 3890
3790 3890
3791 3891
3791 3891
3792 3892
3792 3892
3794 3894
3794 3894
3796 3896
3799 3899
3801 3901
3803 3903
3804 3904
3804 3904
3805 3905
3805 3905
3807 3907
3807 3907
3807 3907
3808 3908
3808 3908
3811 3911
3812 3912
3813 3913
3815 3915
3815 3915
3816 3916
3816 3916
3818 3918
3818 3918
3818 3918
3820 3920
3820 3920
3821 3921
3823 3923
3823 3923
3825 3925
3825 3925
3826 3926
3826 3926
3828 3928
3829 3929
3831 3931
3833 3933
3835 3935
3835 3935
3837 3937
3838 3938
3839 3939
3840 3940
3841 3941
3842 3942
3844 3944
3845 3945
3846 3946
3846 3946
3847 3947
3847 3947
3847 3947
3849 3949
3849 3949
3850 3950
3850 3950
3851 3951
3852 3952
3852 3952
3854 3954
3855 3955
3857 3957
3857 3957
3859 3959
3860 3960
3861 3961
3861 3961
3861 3961
3862 3962
3864 3964
3865 3965
3866 3966
3869 3969
3869 3969
3871 3971
3873 3973
3874 3974
3875 3975
3875 3975
3876 3976
3877 3977
3878 3978
3880 3980
3880 3980
3881 3981
3881 3981
3881 3981
3882 3982
3883 3983
3884 3984
3885 3985
3885 3985
3885 3985
3887 3987
3888 3988
3889 3989
3890 3990
3890 3990
3892 3992
3893 3993
3895 3995
3897 3997
3898 3998
3900 4000
3901 4001
3902 4002
3902 4002
3904 4004
3906 4006
3907 4007
3907 4007
3909 4009
3909 4009
3910 4010
3912 4012
3913 4013
3914 4014
3915 4015
3916 4016
3918 4018
3919 4019
3919 4019
3919 4019
3920 4020
3921 4021
3922 4022
3923 4023
3924 4024
3925 4025
3926 4026
3927 4027
3928 4028
3928 4028
3928 4028
3929 4029
3929 4029
3931 4031
3933 4033
3936 4036
3937 4037
3938 4038
3939 4039
3940 4040
3940 4040
3941 4041
3941 4041
3943 4043
3943 4043
3944 4044
3945 4045
3946 4046
3946 4046
3946 4046
3947 4047
3948 4048
3948 4048
3949 4049
3950 4050
3950 4050
3951 4051
3952 4052
3952 4052
3953 4053
3954 4054
3955 4055
3956 4056
3957 4057
3959 4059
3961 4061
3962 4062
3962 4062
3965 4065
3965 4065
3965 4065
3966 4066
3968 4068
3968 4068
3969 4069
3969 4069
3970 4070
3972 4072
3972 4072
3974 4074
3974 4074
3976 4076
3977 4077
3980 4080
3981 4081
3982 4082
3982 4082
3982 4082
3983 4083
3983 4083
3984 4084
3985 4085
3986 4086
3986 4086
3989 4089
3991 4091
3993 4093
3993 4093
3995 4095
3997 4097
3998 4098
3998 4098
4000 4100
4003 4103
4004 4104
4005 4105
4006 4106
4008 4108
4008 4108
4008 4108
4009 4109
4009 4109
4010 4110
4011 4111
4012 4112
4013 4113
4013 4113
4014 4114
4015 4115
4016 4116
4018 4118
4019 4119
4020 4120
4021 4121
4023 4123
4026 4126
4027 4127
4028 4128
4030 4130
4031 4131
4032 4132
4033 4133
4033 4133
4033 4133
4035 4135
4036 4136
4039 4139
4040 4140
4042 4142
4042 4142
4043 4143
4044 4144
4045 4145
4045 4145
4047 4147
4047 4147
4048 4148
4049 4149
4050 4150
4050 4150
4051 4151
4053 4153
4054 4154
4055 4155
4055 4155
4057 4157
4059 4159
4059 4159
4060 4160
4062 4162
4062 4162
4064 4164
4067 4167
4068 4168
4069 4169
4069 4169
4069 4169
4071 4171
4072 4172
4073 4173
4073 4173
4074 4174
4074 4174
4075 4175
4076 4176
4076 4176
4078 4178
4078 4178
4078 4178
4079 4179
4079 4179
4080 4180
4081 4181
4082 4182
4082 4182
4082 4182
4083 4183
4085 4185
4086 4186
4088 4188
4088 4188
4088 4188
4089 4189
4090 4190
4090 4190
4091 4191
4091 4191
4092 4192
4092 4192
4092 4192
4092 4192
4094 4194
4096 4196
4096 4196
4098 4198
4098 4198
4099 4199
4099 4199
4100 4200
4100 4200
4101 4201
4101 4201
4104 4204
4105 4205
4106 4206
4106 4206
4107 4207
4107 4207
4108 4208
4109 4209
4110 4210
4110 4210
4111 4211
4111 4211
4112 4212
4114 4214
4116 4216
4118 4218
4118 4218
4119 4219
4119 4219
4120 4220
4121 4221
4122 4222
4122 4222
4124 4224
4125 4225
4127 4227
4128 4228
4129 4229
4131 4231
4134 4234
4134 4234
4135 4235
4136 4236
4137 4237
4139 4239
4141 4241
4141 4241
4144 4244
4145 4245
4147 4247
4148 4248
4149 4249
4151 4251
4152 4252
4152 4252
4153 4253
4154 4254
4157 4257
4158 4258
4160 4260
4161 4261
4162 4262
4164 4264
4164 4264
4167 4267
4168 4268
4168 4268
4168 4268
4170 4270
4171 4271
4172 4272
4173 4273
4175 4275
4177 4277
4177 4277
4179 4279
4180 4280
4183 4283
4183 4283
4184 4284
4185 4285
4186 4286
4187 4287
4187 4287
4188 4288
4189 4289
4189 4289
4190 4290
4191 4291
4192 4292
4193 4293
4193 4293
4194 4294
4194 4294
4195 4295
4196 4296
4197 4297
4197 4297
4198 4298
4200 4300
4200 4300
4201 4301
4202 4302
4203 4303
4204 4304
4206 4306
4206 4306
4206 4306
4207 4307
4207 4307
4209 4309
4209 4309
4209 4309
4211 4311
4211 4311
4213 4313
4214 4314
4214 4314
4216 4316
4218 4318
4219 4319
4219 4319
4221 4321
4221 4321
4221 4321
4222 4322
4223 4323
4223 4323
4224 4324
4225 4325
4226 4326
4227 4327
4227 4327
4228 4328
4229 4329
4230 4330
4230 4330
4232 4332
4232 4332
4234 4334
4235 4335
4237 4337
4238 4338
4239 4339
4241 4341
4243 4343
4245 4345
4246 4346
4248 4348
4249 4349
4249 4349
4251 4351
4252 4352
4252 4352
4253 4353
4255 4355
4255 4355
4255 4355
4257 4357
4258 4358
4259 4359
4260 4360
4261 4361
4263 4363
4263 4363
4264 4364
4265 4365
4266 4366
4266 4366
4266 4366
4268 4368
4269 4369
4270 4370
4270 4370
4272 4372
4273 4373
4275 4375
4277 4377
4278 4378
4280 4380
4280 4380
4281 4381
4284 4384
4285 4385
4286 4386
4288 4388
4289 4389
4291 4391
4292 4392
4293 4393
4293 4393
4293 4393
4294 4394
4296 4396
4297 4397
4297 4397
4298 4398
4299 4399
4300 4400
4302 4402
4303 4403
4304 4404
4305 4405
4307 4407
4308 4408
4309 4409
4310 4410
4310 4410
4312 4412
4315 4415
4316 4416
4317 4417
4317 4417
4318 4418
4318 4418
4320 4420
4321 4421
4323 4423
4324 4424
4325 4425
4326 4426
4327 4427
4328 4428
4329 4429
4330 4430
4331 4431
4332 4432
4332 4432
4333 4433
4335 4435
4335 4435
4337 4437
4337 4437
4337 4437
4337 4437
4338 4438
4339 4439
4341 4441
4341 4441
4341 4441
4342 4442
4342 4442
4344 4444
4344 4444
4346 4446
4346 4446
4346 4446
4347 4447
4347 4447
4348 4448
4349 4449
4352 4452
4352 4452
4354 4454
4354 4454
4354 4454
4355 4455
4356 4456
4356 4456
4358 4458
4358 4458
4359 4459
4359 4459
4360 4460
4361 4461
4362 4462
4362 4462
4365 4465
4365 4465
4367 4467
4367 4467
4369 4469
4371 4471
4372 4472
4373 4473
4373 4473
4374 4474
4374 4474
4375 4475
4376 4476
4378 4478
4379 4479
4380 4480
4381 4481
4382 4482
4382 4482
4383 4483
4385 4485
4385 4485
4385 4485
4387 4487
4387 4487
4388 4488
4388 4488
4391 4491
4392 4492
4394 4494
4396 4496
4398 4498
4398 4498
4399 4499
4399 4499
4400 4500
4401 4501
4401 4501
4403 4503
4404 4504
4406 4506
4407 4507
4408 4508
4409 4509
4411 4511
4412 4512
4414 4514
4415 4515
4417 4517
4418 4518
4419 4519
4419 4519
4419 4519
4421 4521
4421 4521
4422 4522
4423 4523
4424 4524
4426 4526
4427 4527
4428 4528
4430 4530
4431 4531
4432 4532
4434 4534
4437 4537
4438 4538
4439 4539
4440 4540
4441 4541
4443 4543
4446 4546
4448 4548
4448 4548
4448 4548
4451 4551
4452 4552
4453 4553
4454 4554
4455 4555
4455 4555
4456 4556
4456 4556
4456 4556
4457 4557
4457 4557
4458 4558
4459 4559
4460 4560
4460 4560
4461 4561
4462 4562
4464 4564
4464 4564
4465 4565
4465 4565
4466 4566
4466 4566
4469 4569
4472 4572
4472 4572
4473 4573
4473 4573
4473 4573
4474 4574
4475 4575
4475 4575
4476 4576
4477 4577
4477 4577
4478 4578
4480 4580
4481 4581
4481 4581
4481 4581
4481 4581
4482 4582
4482 4582
4483 4583
4483 4583
4484 4584
4485 4585
4486 4586
4487 4587
4488 4588
4488 4588
4489 4589
4489 4589
4490 4590
4490 4590
4490 4590
4492 4592
4493 4593
4493 4593
4493 4593
4494 4594
4494 4594
4495 4595
4496 4596
4498 4598
4500 4600
4503 4603
4505 4605
4505 4605
4505 4605
4508 4608
4508 4608
4509 4609
4513 4613
4514 4614
4514 4614
4515 4615
4516 4616
4516 4616
4516 4616
4516 4616
4516 4616
4520 4620
4522 4622
4524 4624
4525 4625
4526 4626
4527 4627
4527 4627
4528 4628
4531 4631
4532 4632
4534 4634
4535 4635
4535 4635
4537 4637
4539 4639
4540 4640
4541 4641
4543 4643
4544 4644
4545 4645
4547 4647
4549 4649
4550 4650
4553 4653
4553 4653
4553 4653
4555 4655
4555 4655
4556 4656
4556 4656
4557 4657
4558 4658
4559 4659
4559 4659
4560 4660
4561 4661
4562 4662
4562 4662
4562 4662
4563 4663
4564 4664
4565 4665
4565 4665
4566 4666
4567 4667
4568 4668
4568 4668
4568 4668
4569 4669
4571 4671
4571 4671
4571 4671
4573 4673
4574 4674
4575 4675
4576 4676
4576 4676
4576 4676
4579 4679
4580 4680
4580 4680
4581 4681
4582 4682
4583 4683
4583 4683
4584 4684
4585 4685
4586 4686
4587 4687
4588 4688
4588 4688
4589 4689
4590 4690
4591 4691
4592 4692
4594 4694
4594 4694
4595 4695
4595 4695
4596 4696
4597 4697
4597 4697
4600 4700
4601 4701
4602 4702
4604 4704
4604 4704
4605 4705
4606 4706
4607 4707
4609 4709
4610 4710
4613 4713
4614 4714
4615 4715
4617 4717
4619 4719
4620 4720
4622 4722
4623 4723
4623 4723
4626 4726
4628 4728
4628 4728
4628 4728
4629 4729
4630 4730
4632 4732
4634 4734
4636 4736
4638 4738
4639 4739
4641 4741
4641 4741
4642 4742
4644 4744
4644 4744
4645 4745
4647 4747
4647 4747
4648 4748
4649 4749
4651 4751
4653 4753
4654 4754
4654 4754
4654 4754
4656 4756
4657 4757
4658 4758
4659 4759
4660 4760
4662 4762
4662 4762
4663 4763
4664 4764
4665 4765
4666 4766
4667 4767
4668 4768
4668 4768
4670 4770
4671 4771
4671 4771
4672 4772
4672 4772
4673 4773
4675 4775
4676 4776
4676 4776
4678 4778
4679 4779
4679 4779
4680 4780
4680 4780
4681 4781
4683 4783
4683 4783
4684 4784
4684 4784
4685 4785
4685 4785
4686 4786
4686 4786
4688 4788
4689 4789
4690 4790
4691 4791
4692 4792
4692 4792
4694 4794
4694 4794
4696 4796
4696 4796
4698 4798
4701 4801
4702 4802
4703 4803
4704 4804
4704 4804
4705 4805
4706 4806
4707 4807
4707 4807
4708 4808
4709 4809
4711 4811
4713 4813
4713 4813
4715 4815
4716 4816
4716 4816
4717 4817
4718 4818
4719 4819
4721 4821
4722 4822
4722 4822
4724 4824
4724 4824
4725 4825
4728 4828
4729 4829
4730 4830
4731 4831
4732 4832
4733 4833
4736 4836
4737 4837
4737 4837
4738 4838
4740 4840
4741 4841
4741 4841
4741 4841
4741 4841
4743 4843
4743 4843
4744 4844
4745 4845
4746 4846
4747 4847
4748 4848
4749 4849
4749 4849
4749 4849
4750 4850
4751 4851
4751 4851
4753 4853
4753 4853
4754 4854
4755 4855
4756 4856
4758 4858
4759 4859
4760 4860
4761 4861
4761 4861
4761 4861
4763 4863
4764 4864
4764 4864
4766 4866
4766 4866
4768 4868
4769 4869
4769 4869
4769 4869
4771 4871
4771 4871
4772 4872
4773 4873
4774 4874
4774 4874
4775 4875
4776 4876
4777 4877
4778 4878
4778 4878
4778 4878
4780 4880
4781 4881
4781 4881
4784 4884
4785 4885
4785 4885
4786 4886
4788 4888
4790 4890
4791 4891
4793 4893
4795 4895
4796 4896
4796 4896
4798 4898
4798 4898
4798 4898
4799 4899
4801 4901
4804 4904
4804 4904
4806 4906
4807 4907
4807 4907
4808 4908
4810 4910
4811 4911
4812 4912
4812 4912
4813 4913
4815 4915
4815 4915
4816 4916
4816 4916
4817 4917
4819 4919
4820 4920
4823 4923
4823 4923
4826 4926
4827 4927
4829 4929
4830 4930
4830 4930
4832 4932
4833 4933
4834 4934
4834 4934
4835 4935
4835 4935
4838 4938
4839 4939
4839 4939
4840 4940
4841 4941
4842 4942
4843 4943
4843 4943
4843 4943
4844 4944
4845 4945
4845 4945
4846 4946
4847 4947
4849 4949
4851 4951
4851 4951
4852 4952
4852 4952
4852 4952
4854 4954
4854 4954
4855 4955
4855 4955
4856 4956
4856 4956
4856 4956
4858 4958
4860 4960
4860 4960
4862 4962
4864 4964
4866 4966
4866 4966
4866 4966
4868 4968
4870 4970
4871 4971
4871 4971
4871 4971
4871 4971
4872 4972
4873 4973
4874 4974
4874 4974
4875 4975
4876 4976
4877 4977
4877 4977
4879 4979
4881 4981
4882 4982
4882 4982
4884 4984
4885 4985
4886 4986
4886 4986
4890 4990
4891 4991
4892 4992
4893 4993
4894 4994
4895 4995
4895 4995
4897 4997
4897 4997
4899 4999
4900 5000
4900 5000
4902 5002
4903 5003
4905 5005
4906 5006
4908 5008
4910 5010
4912 5012
4913 5013
4913 5013
4913 5013
4914 5014
4915 5015
4916 5016
4917 5017
4917 5017
4920 5020
4920 5020
4920 5020
4922 5022
4923 5023
4925 5025
4927 5027
4928 5028
4928 5028
4929 5029
4930 5030
4931 5031
4932 5032
4932 5032
4934 5034
4934 5034
4935 5035
4935 5035
4937 5037
4937 5037
4937 5037
4938 5038
4939 5039
4941 5041
4943 5043
4944 5044
4945 5045
4945 5045
4947 5047
4947 5047
4950 5050
4952 5052
4953 5053
4954 5054
4955 5055
4956 5056
4956 5056
4957 5057
4958 5058
4959 5059
4961 5061
4961 5061
4961 5061
4961 5061
4962 5062
4965 5065
4966 5066
4967 5067
4968 5068
4969 5069
4972 5072
4972 5072
4973 5073
4973 5073
4974 5074
4976 5076
4976 5076
4978 5078
4979 5079
4980 5080
4983 5083
4983 5083
4985 5085
4985 5085
4987 5087
4987 5087
4989 5089
4991 5091
4991 5091
4992 5092
4993 5093
4994 5094
4994 5094
4995 5095
4995 5095
4996 5096
4997 5097
4999 5099
4999 5099
5000 5100
5000 5100
5000 5100
5001 5101
5002 5102
5003 5103
5005 5105
5006 5106
5007 5107
5010 5110
5010 5110
5012 5112
5012 5112
5013 5113
5014 5114
5015 5115
5016 5116
5016 5116
5016 5116
5018 5118
5019 5119
5020 5120
5021 5121
5021 5121
5021 5121
5023 5123
5024 5124
5025 5125
5026 5126
5027 5127
5029 5129
5029 5129
5030 5130
5031 5131
5031 5131
5033 5133
5034 5134
5034 5134
5035 5135
5036 5136
5037 5137
5039 5139
5041 5141
5042 5142
5042 5142
5044 5144
5045 5145
5046 5146
5048 5148
5051 5151
5051 5151
5052 5152
5053 5153
5054 5154
5054 5154
5055 5155
5055 5155
5055 5155
5057 5157
5058 5158
5058 5158
5059 5159
5059 5159
5061 5161
5062 5162
5063 5163
5064 5164
5064 5164
5067 5167
5067 5167
5067 5167
5069 5169
5070 5170
5073 5173
5075 5175
5075 5175
5075 5175
5076 5176
5076 5176
5078 5178
5078 5178
5079 5179
5079 5179
5081 5181
5081 5181
5084 5184
5084 5184
5087 5187
5087 5187
5089 5189
5089 5189
5090 5190
5090 5190
5091 5191
5093 5193
5094 5194
5094 5194
5094 5194
5096 5196
5097 5197
5097 5197
5099 5199
5099 5199
5099 5199
5101 5201
5102 5202
5106 5206
5107 5207
5108 5208
5109 5209
5109 5209
5110 5210
5112 5212
5112 5212
5112 5212
5114 5214
5115 5215
5116 5216
5117 5217
5119 5219
5121 5221
5121 5221
5121 5221
5121 5221
5122 5222
5123 5223
5124 5224
5125 5225
5127 5227
5130 5230
5130 5230
5132 5232
5133 5233
5134 5234
5136 5236
5136 5236
5136 5236
5136 5236
5137 5237
5138 5238
5141 5241
5141 5241
5143 5243
5143 5243
5144 5244
5146 5246
5146 5246
5147 5247
5147 5247
5149 5249
5150 5250
5152 5252
5152 5252
5153 5253
5153 5253
5154 5254
5154 5254
5154 5254
5155 5255
5155 5255
5157 5257
5157 5257
5158 5258
5160 5260
5160 5260
5162 5262
5164 5264
5164 5264
5166 5266
5166 5266
5167 5267
5167 5267
5168 5268
5168 5268
5172 5272
5173 5273
5174 5274
5175 5275
5176 5276
5176 5276
5177 5277
5177 5277
5177 5277
5177 5277
5178 5278
5179 5279
5179 5279
5180 5280
5180 5280
5182 5282
5182 5282
5183 5283
5186 5286
5186 5286
5186 5286
5187 5287
5188 5288
5190 5290
5192 5292
5193 5293
5193 5293
5193 5293
5193 5293
5195 5295
5196 5296
5198 5298
5198 5298
5200 5300
5200 5300
5202 5302
5204 5304
5206 5306
5208 5308
5208 5308
5210 5310
5211 5311
5213 5313
5213 5313
5214 5314
5215 5315
5217 5317
5219 5319
5219 5319
5219 5319
5219 5319
5221 5321
5223 5323
5224 5324
5224 5324
5224 5324
5225 5325
5227 5327
5229 5329
5231 5331
5232 5332
5235 5335
5235 5335
5235 5335
5237 5337
5238 5338
5240 5340
5240 5340
5243 5343
5243 5343
5244 5344
5244 5344
5245 5345
5246 5346
5249 5349
5250 5350
5251 5351
5253 5353
5254 5354
5254 5354
5255 5355
5257 5357
5257 5357
5258 5358
5259 5359
5260 5360
5261 5361
5262 5362
5263 5363
5263 5363
5264 5364
5265 5365
5266 5366
5266 5366
5267 5367
5268 5368
5268 5368
5269 5369
5269 5369
5270 5370
5271 5371
5272 5372
5273 5373
5274 5374
5275 5375
5276 5376
5277 5377
5279 5379
5280 5380
5281 5381
5281 5381
5282 5382
5282 5382
5283 5383
5284 5384
5285 5385
5286 5386
5288 5388
5288 5388
5289 5389
5289 5389
5290 5390
5292 5392
5292 5392
5294 5394
5294 5394
5295 5395
5295 5395
5297 5397
5298 5398
5299 5399
5299 5399
5300 5400
5302 5402
5303 5403
5303 5403
5303 5403
5304 5404
5305 5405
5306 5406
5306 5406
5307 5407
5309 5409
5311 5411
5312 5412
5314 5414
5315 5415
5317 5417
5319 5419
5321 5421
5322 5422
5323 5423
5325 5425
5326 5426
5326 5426
5327 5427
5327 5427
5329 5429
5330 5430
5330 5430
5332 5432
5333 5433
5335 5435
5336 5436
5336 5436
5338 5438
5338 5438
5339 5439
5340 5440
5341 5441
5343 5443
5344 5444
5345 5445
5347 5447
5349 5449
5349 5449
5349 5449
5351 5451
5353 5453
5353 5453
5354 5454
5355 5455
5356 5456
5358 5458
5359 5459
5360 5460
5360 5460
5361 5461
5363 5463
5363 5463
5364 5464
5365 5465
5366 5466
5366 5466
5367 5467
5367 5467
5368 5468
5369 5469
5370 5470
5370 5470
5371 5471
5371 5471
5373 5473
5373 5473
5374 5474
5376 5476
5378 5478
5378 5478
5379 5479
5380 5480
5382 5482
5383 5483
5384 5484
5384 5484
5386 5486
5387 5487
5389 5489
5390 5490
5391 5491
5394 5494
5394 5494
5394 5494
5394 5494
5395 5495
5396 5496
5398 5498
5398 5498
5400 5500
5402 5502
5403 5503
5403 5503
5403 5503
5404 5504
5405 5505
5406 5506
5407 5507
5407 5507
5409 5509
5409 5509
5411 5511
5412 5512
5413 5513
5415 5515
5416 5516
5418 5518
5418 5518
5419 5519
5420 5520
5422 5522
5423 5523
5425 5525
5426 5526
5428 5528
5430 5530
5430 5530
5430 5530
5432 5532
5433 5533
5434 5534
5435 5535
5435 5535
5438 5538
5438 5538
5439 5539
5440 5540
5441 5541
5441 5541
5442 5542
5444 5544
5445 5545
5446 5546
5446 5546
5447 5547
5447 5547
5449 5549
5450 5550
5451 5551
5452 5552
5455 5555
5455 5555
5455 5555
5456 5556
5457 5557
5458 5558
5460 5560
5461 5561
5462 5562
5464 5564
5465 5565
5465 5565
5466 5566
5469 5569
5470 5570
5471 5571
5472 5572
5474 5574
5474 5574
5476 5576
5478 5578
5479 5579
5479 5579
5480 5580
5482 5582
5482 5582
5483 5583
5483 5583
5484 5584
5484 5584
5485 5585
5485 5585
5487 5587
5487 5587
5489 5589
5490 5590
5491 5591
5492 5592
5494 5594
5494 5594
5495 5595
5496 5596
5496 5596
5496 5596
5496 5596
5497 5597
5498 5598
5499 5599
5500 5600
5500 5600
5501 5601
5501 5601
5504 5604
5504 5604
5504 5604
5504 5604
5505 5605
5506 5606
5507 5607
5508 5608
5510 5610
5510 5610
5512 5612
5513 5613
5513 5613
5514 5614
5515 5615
5516 5616
5516 5616
5516 5616
5517 5617
5517 5617
5518 5618
5519 5619
5519 5619
5519 5619
5520 5620
5522 5622
5522 5622
5525 5625
5525 5625
5525 5625
5525 5625
5528 5628
5530 5630
5530 5630
5532 5632
5533 5633
5533 5633
5534 5634
5536 5636
5538 5638
5538 5638
5539 5639
5539 5639
5540 5640
5541 5641
5544 5644
5545 5645
5546 5646
5548 5648
5551 5651
5552 5652
5553 5653
5553 5653
5557 5657
5557 5657
5558 5658
5558 5658
5559 5659
5559 5659
5560 5660
5561 5661
5563 5663
5565 5665
5565 5665
5565 5665
5565 5665
5566 5666
5567 5667
5569 5669
5569 5669
5569 5669
5570 5670
5570 5670
5572 5672
5573 5673
5574 5674
5575 5675
5577 5677
5577 5677
5577 5677
5579 5679
5579 5679
5583 5683
5583 5683
5583 5683
5583 5683
5586 5686
5586 5686
5588 5688
5590 5690
5591 5691
5591 5691
5591 5691
5593 5693
5594 5694
5596 5696
5597 5697
5597 5697
5597 5697
5597 5697
5599 5699
5600 5700
5601 5701
5601 5701
5602 5702
5602 5702
5603 5703
5605 5705
5607 5707
5608 5708
5609 5709
5610 5710
5611 5711
5612 5712
5613 5713
5614 5714
5617 5717
5619 5719
5621 5721
5622 5722
5623 5723
5625 5725
5625 5725
5626 5726
5628 5728
5628 5728
5629 5729
5630 5730
5630 5730
5631 5731
5631 5731
5633 5733
5634 5734
5634 5734
5636 5736
5637 5737
5637 5737
5638 5738
5639 5739
5640 5740
5640 5740
5641 5741
5642 5742
5644 5744
5645 5745
5645 5745
5646 5746
5647 5747
5648 5748
5648 5748
5650 5750
5650 5750
5653 5753
5653 5753
5654 5754
5655 5755
5655 5755
5656 5756
5658 5758
5659 5759
5660 5760
5661 5761
5661 5761
5664 5764
5664 5764
5666 5766
5666 5766
5667 5767
5667 5767
5668 5768
5669 5769
5670 5770
5670 5770
5671 5771
5672 5772
5674 5774
5674 5774
5676 5776
5677 5777
5678 5778
5680 5780
5680 5780
5683 5783
5684 5784
5686 5786
5687 5787
5688 5788
5689 5789
5690 5790
5692 5792
5692 5792
5693 5793
5695 5795
5696 5796
5698 5798
5699 5799
5700 5800
5702 5802
5702 5802
5704 5804
5704 5804
5704 5804
5706 5806
5707 5807
5709 5809
5711 5811
5712 5812
5712 5812
5713 5813
5715 5815
5715 5815
5715 5815
5715 5815
5717 5817
5718 5818
5719 5819
5721 5821
5722 5822
5722 5822
5723 5823
5724 5824
5725 5825
5726 5826
5727 5827
5727 5827
5728 5828
5729 5829
5730 5830
5730 5830
5732 5832
5732 5832
5733 5833
5734 5834
5734 5834
5735 5835
5736 5836
5737 5837
5739 5839
5741 5841
5741 5841
5742 5842
5744 5844
5744 5844
5745 5845
5745 5845
5745 5845
5747 5847
5747 5847
5748 5848
5749 5849
5750 5850
5751 5851
5751 5851
5753 5853
5755 5855
5755 5855
5757 5857
5757 5857
5757 5857
5758 5858
5759 5859
5760 5860
5762 5862
5763 5863
5765 5865
5765 5865
5766 5866
5767 5867
5768 5868
5769 5869
5771 5871
5772 5872
5773 5873
5775 5875
5778 5878
5779 5879
5781 5881
5784 5884
5785 5885
5785 5885
5785 5885
5786 5886
5787 5887
5788 5888
5789 5889
5792 5892
5792 5892
5792 5892
5792 5892
5793 5893
5795 5895
5796 5896
5798 5898
5798 5898
5800 5900
5800 5900
5801 5901
5802 5902
5805 5905
5805 5905
5807 5907
5808 5908
5809 5909
5810 5910
5811 5911
5811 5911
5813 5913
5814 5914
5815 5915
5816 5916
5817 5917
5818 5918
5819 5919
5819 5919
5820 5920
5821 5921
5823 5923
5823 5923
5823 5923
5823 5923
5823 5923
5824 5924
5825 5925
5826 5926
5826 5926
5826 5926
5827 5927
5827 5927
5828 5928
5829 5929
5830 5930
5831 5931
5831 5931
5832 5932
5834 5934
5836 5936
5837 5937
5838 5938
5838 5938
5839 5939
5839 5939
5842 5942
5842 5942
5842 5942
5844 5944
5844 5944
5844 5944
5847 5947
5849 5949
5850 5950
5850 5950
5852 5952
5852 5952
5853 5953
5854 5954
5854 5954
5854 5954
5855 5955
5857 5957
5857 5957
5859 5959
5859 5959
5860 5960
5863 5963
5865 5965
5867 5967
5868 5968
5868 5968
5871 5971
5871 5971
5873 5973
5873 5973
5874 5974
5877 5977
5878 5978
5878 5978
5880 5980
5881 5981
5882 5982
5883 5983
5884 5984
5885 5985
5886 5986
5887 5987
5887 5987
5887 5987
5888 5988
5889 5989
5890 5990
5891 5991
5892 5992
5893 5993
5894 5994
5895 5995
5896 5996
5897 5997
5898 5998
5898 5998
5900 6000
5901 6001
5901 6001
5902 6002
5903 6003
5903 6003
5905 6005
5906 6006
5909 6009
5910 6010
5910 6010
5910 6010
5911 6011
5911 6011
5911 6011
5912 6012
5913 6013
5914 6014
5915 6015
5916 6016
5916 6016
5916 6016
5917 6017
5917 6017
5918 6018
5921 6021
5922 6022
5922 6022
5924 6024
5925 6025
5926 6026
5926 6026
5928 6028
5930 6030
5931 6031
5933 6033
5934 6034
5934 6034
5935 6035
5936 6036
5937 6037
5938 6038
5939 6039
5940 6040
5943 6043
5945 6045
5946 6046
5946 6046
5946 6046
5948 6048
5950 6050
5950 6050
5951 6051
5952 6052
5954 6054
5954 6054
5956 6056
5957 6057
5958 6058
5958 6058
5958 6058
5960 6060
5962 6062
5964 6064
5966 6066
5968 6068
5969 6069
5971 6071
5972 6072
5973 6073
5974 6074
5974 6074
5974 6074
5974 6074
5975 6075
5976 6076
5978 6078
5980 6080
5981 6081
5982 6082
5982 6082
5983 6083
5983 6083
5983 6083
5984 6084
5985 6085
5986 6086
5988 6088
5989 6089
5991 6091
5993 6093
5993 6093
5994 6094
5994 6094
5994 6094
5995 6095
5996 6096
5997 6097
5999 6099
6001 6101
6001 6101
6002 6102
6004 6104
6004 6104
6005 6105
6006 6106
6006 6106
6008 6108
6010 6110
6012 6112
6012 6112
6014 6114
6015 6115
6016 6116
6016 6116
6016 6116
6018 6118
6018 6118
6019 6119
6019 6119
6020 6120
6023 6123
6025 6125
6026 6126
6026 6126
6028 6128
6029 6129
6031 6131
6032 6132
6034 6134
6034 6134
6035 6135
6036 6136
6037 6137
6038 6138
6039 6139
6040 6140
6043 6143
6045 6145
6046 6146
6047 6147
6048 6148
6048 6148
6049 6149
6050 6150
6050 6150
6051 6151
6052 6152
6053 6153
6054 6154
6055 6155
6055 6155
6055 6155
6056 6156
6056 6156
6058 6158
6059 6159
6060 6160
6061 6161
6061 6161
6061 6161
6062 6162
6062 6162
6064 6164
6066 6166
6066 6166
6067 6167
6068 6168
6069 6169
6071 6171
6071 6171
6073 6173
6075 6175
6075 6175
6075 6175
6076 6176
6076 6176
6077 6177
6077 6177
6078 6178
6078 6178
6079 6179
6079 6179
6079 6179
6081 6181
6082 6182
6083 6183
6083 6183
6084 6184
6085 6185
6085 6185
6086 6186
6086 6186
6086 6186
6088 6188
6088 6188
6089 6189
6091 6191
6091 6191
6093 6193
6095 6195
6097 6197
6098 6198
6100 6200
6102 6202
6103 6203
6104 6204
6106 6206
6106 6206
6108 6208
6108 6208
6109 6209
6111 6211
6113 6213
6113 6213
6115 6215
6115 6215
6116 6216
6118 6218
6119 6219
6120 6220
6120 6220
6121 6221
6121 6221
6123 6223
6123 6223
6126 6226
6126 6226
6127 6227
6130 6230
6131 6231
6133 6233
6135 6235
6136 6236
6137 6237
6138 6238
6139 6239
6141 6241
6141 6241
6142 6242
6144 6244
6144 6244
6144 6244
6145 6245
6146 6246
6147 6247
6147 6247
6147 6247
6149 6249
6150 6250
6150 6250
6150 6250
6151 6251
6152 6252
6154 6254
6155 6255
6156 6256
6156 6256
6157 6257
6157 6257
6158 6258
6159 6259
6159 6259
6160 6260
6162 6262
6162 6262
6163 6263
6163 6263
6163 6263
6164 6264
6166 6266
6168 6268
6169 6269
6170 6270
6172 6272
6173 6273
6173 6273
6174 6274
6175 6275
6176 6276
6176 6276
6177 6277
6178 6278
6179 6279
6180 6280
6181 6281
6181 6281
6182 6282
6182 6282
6184 6284
6185 6285
6186 6286
6189 6289
6190 6290
6191 6291
6192 6292
6193 6293
6194 6294
6198 6298
6199 6299
6199 6299
6201 6301
6202 6302
6202 6302
6203 6303
6204 6304
6206 6306
6208 6308
6210 6310
6211 6311
6214 6314
6214 6314
6215 6315
6216 6316
6219 6319
6220 6320
6221 6321
6221 6321
6221 6321
6223 6323
6223 6323
6224 6324
6225 6325
6225 6325
6227 6327
6229 6329
6229 6329
6230 6330
6231 6331
6233 6333
6233 6333
6236 6336
6238 6338
6240 6340
6240 6340
6240 6340
6241 6341
6242 6342
6244 6344
6244 6344
6244 6344
6245 6345
6247 6347
6248 6348
6249 6349
6250 6350
6250 6350
6251 6351
6251 6351
6253 6353
6253 6353
6255 6355
6256 6356
6256 6356
6258 6358
6258 6358
6258 6358
6259 6359
6260 6360
6260 6360
6260 6360
6262 6362
6263 6363
6263 6363
6264 6364
6265 6365
6265 6365
6266 6366
6266 6366
6267 6367
6269 6369
6271 6371
6273 6373
6273 6373
6274 6374
6274 6374
6274 6374
6276 6376
6278 6378
6278 6378
6280 6380
6281 6381
6283 6383
6283 6383
6283 6383
6283 6383
6285 6385
6286 6386
6286 6386
6287 6387
6287 6387
6288 6388
6288 6388
6289 6389
6289 6389
6291 6391
6292 6392
6293 6393
6294 6394
6295 6395
6295 6395
6296 6396
6297 6397
6297 6397
6299 6399
6301 6401
6302 6402
6304 6404
6304 6404
6306 6406
6307 6407
6308 6408
6310 6410
6313 6413
6313 6413
6314 6414
6316 6416
6316 6416
6317 6417
6319 6419
6319 6419
6320 6420
6321 6421
6322 6422
6323 6423
6325 6425
6325 6425
6326 6426
6326 6426
6327 6427
6328 6428
6329 6429
6330 6430
6331 6431
6331 6431
6332 6432
6334 6434
6337 6437
6338 6438
6340 6440
6341 6441
6342 6442
6344 6444
6345 6445
6346 6446
6346 6446
6347 6447
6348 6448
6349 6449
6350 6450
6352 6452
6353 6453
6354 6454
6354 6454
6354 6454
6354 6454
6355 6455
6355 6455
6356 6456
6357 6457
6358 6458
6360 6460
6361 6461
6361 6461
6362 6462
6363 6463
6363 6463
6364 6464
6366 6466
6366 6466
6368 6468
6368 6468
6370 6470
6371 6471
6373 6473
6374 6474
6375 6475
6376 6476
6377 6477
6379 6479
6379 6479
6380 6480
6381 6481
6381 6481
6381 6481
6381 6481
6384 6484
6385 6485
6386 6486
6387 6487
6387 6487
6388 6488
6389 6489
6389 6489
6390 6490
6392 6492
6392 6492
6396 6496
6396 6496
6397 6497
6398 6498
6399 6499
6400 6500
6401 6501
6402 6502
6404 6504
6406 6506
6407 6507
6408 6508
6409 6509
6410 6510
6410 6510
6412 6512
6414 6514
6415 6515
6417 6517
6418 6518
6419 6519
6419 6519
6420 6520
6420 6520
6422 6522
6423 6523
6424 6524
6424 6524
6425 6525
6426 6526
6427 6527
6429 6529
6431 6531
6433 6533
6434 6534
6436 6536
6436 6536
6436 6536
6436 6536
6437 6537
6439 6539
6440 6540
6441 6541
6442 6542
6444 6544
6445 6545
6446 6546
6446 6546
6447 6547
6447 6547
6448 6548
6449 6549
6451 6551
6451 6551
6453 6553
6454 6554
6454 6554
6455 6555
6455 6555
6456 6556
6457 6557
6458 6558
6459 6559
6459 6559
6460 6560
6460 6560
6462 6562
6463 6563
6464 6564
6464 6564
6465 6565
6465 6565
6466 6566
6467 6567
6469 6569
6470 6570
6471 6571
6472 6572
6473 6573
6474 6574
6475 6575
6476 6576
6476 6576
6477 6577
6477 6577
6478 6578
6480 6580
6480 6580
6482 6582
6482 6582
6484 6584
6485 6585
6486 6586
6487 6587
6488 6588
6489 6589
6490 6590
6491 6591
6491 6591
6492 6592
6493 6593
6495 6595
6496 6596
6497 6597
6497 6597
6498 6598
6500 6600
6501 6601
6503 6603
6504 6604
6507 6607
6507 6607
6508 6608
6510 6610
6512 6612
6513 6613
6513 6613
6514 6614
6515 6615
6517 6617
6519 6619
6520 6620
6520 6620
6523 6623
6523 6623
6524 6624
6524 6624
6525 6625
6527 6627
6528 6628
6529 6629
6530 6630
6532 6632
6532 6632
6533 6633
6535 6635
6536 6636
6536 6636
6538 6638
6540 6640
6540 6640
6541 6641
6543 6643
6544 6644
6544 6644
6546 6646
6547 6647
6548 6648
6548 6648
6549 6649
6551 6651
6552 6652
6553 6653
6553 6653
6554 6654
6555 6655
6555 6655
6556 6656
6557 6657
6559 6659
6559 6659
6560 6660
6560 6660
6561 6661
6563 6663
6564 6664
6564 6664
6566 6666
6567 6667
6567 6667
6568 6668
6569 6669
6570 6670
6570 6670
6572 6672
6572 6672
6573 6673
6575 6675
6576 6676
6576 6676
6576 6676
6578 6678
6579 6679
6581 6681
6582 6682
6582 6682
6583 6683
6583 6683
6585 6685
6586 6686
6588 6688
6588 6688
6588 6688
6589 6689
6591 6691
6592 6692
6592 6692
6593 6693
6593 6693
6595 6695
6596 6696
6597 6697
6599 6699
6601 6701
6601 6701
6602 6702
6604 6704
6605 6705
6606 6706
6606 6706
6607 6707
6609 6709
6609 6709
6611 6711
6612 6712
6613 6713
6615 6715
6616 6716
6617 6717
6619 6719
6619 6719
6621 6721
6622 6722
6623 6723
6624 6724
6625 6725
6626 6726
6628 6728
6629 6729
6631 6731
6631 6731
6631 6731
6632 6732
6634 6734
6635 6735
6635 6735
6636 6736
6636 6736
6637 6737
6638 6738
6640 6740
6641 6741
6641 6741
6642 6742
6642 6742
6643 6743
6645 6745
6647 6747
6647 6747
6648 6748
6649 6749
6650 6750
6650 6750
6652 6752
6654 6754
6654 6754
6655 6755
6656 6756
6657 6757
6659 6759
6660 6760
6660 6760
6661 6761
6662 6762
6663 6763
6663 6763
6665 6765
6665 6765
6665 6765
6666 6766
6666 6766
6667 6767
6668 6768
6669 6769
6670 6770
6670 6770
6671 6771
6672 6772
6674 6774
6674 6774
6675 6775
6676 6776
6677 6777
6679 6779
6679 6779
6681 6781
6682 6782
6683 6783
6684 6784
6685 6785
6687 6787
6687 6787
6688 6788
6689 6789
6692 6792
6692 6792
6692 6792
6693 6793
6694 6794
6695 6795
6696 6796
6696 6796
6697 6797
6698 6798
6698 6798
6700 6800
6701 6801
6701 6801
6703 6803
6703 6803
6704 6804
6706 6806
6706 6806
6707 6807
6708 6808
6709 6809
6711 6811
6712 6812
6713 6813
6714 6814
6717 6817
6718 6818
6719 6819
6720 6820
6721 6821
6721 6821
6723 6823
6724 6824
6725 6825
6726 6826
6726 6826
6728 6828
6728 6828
6729 6829
6730 6830
6731 6831
6733 6833
6734 6834
6735 6835
6736 6836
6736 6836
6739 6839
6739 6839
6741 6841
6741 6841
6742 6842
6743 6843
6744 6844
6745 6845
6747 6847
6748 6848
6750 6850
6751 6851
6751 6851
6751 6851
6753 6853
6754 6854
6755 6855
6755 6855
6757 6857
6757 6857
6758 6858
6760 6860
6760 6860
6760 6860
6760 6860
6761 6861
6762 6862
6764 6864
6764 6864
6766 6866
6767 6867
6767 6867
6769 6869
6771 6871
6771 6871
6772 6872
6772 6872
6774 6874
6775 6875
6777 6877
6778 6878
6779 6879
6780 6880
6781 6881
6782 6882
6782 6882
6783 6883
6784 6884
6786 6886
6787 6887
6788 6888
6788 6888
6790 6890
6790 6890
6791 6891
6793 6893
6794 6894
6795 6895
6796 6896
6796 6896
6797 6897
6798 6898
6798 6898
6799 6899
6801 6901
6802 6902
6803 6903
6804 6904
6807 6907
6807 6907
6807 6907
6808 6908
6810 6910
6813 6913
6814 6914
6815 6915
6815 6915
6816 6916
6817 6917
6817 6917
6819 6919
6820 6920
6821 6921
6821 6921
6822 6922
6824 6924
6825 6925
6826 6926
6827 6927
6827 6927
6829 6929
6829 6929
6830 6930
6832 6932
6833 6933
6835 6935
6835 6935
6837 6937
6837 6937
6837 6937
6839 6939
6839 6939
6840 6940
6841 6941
6841 6941
6843 6943
6845 6945
6845 6945
6846 6946
6847 6947
6849 6949
6850 6950
6851 6951
6853 6953
6854 6954
6856 6956
6857 6957
6858 6958
6858 6958
6859 6959
6860 6960
6862 6962
6862 6962
6862 6962
6864 6964
6865 6965
6865 6965
6867 6967
6869 6969
6869 6969
6871 6971
6871 6971
6871 6971
6871 6971
6873 6973
6874 6974
6874 6974
6875 6975
6875 6975
6876 6976
6878 6978
6878 6978
6879 6979
6880 6980
6882 6982
6882 6982
6883 6983
6883 6983
6884 6984
6885 6985
6885 6985
6886 6986
6888 6988
6889 6989
6890 6990
6892 6992
6893 6993
6894 6994
6894 6994
6894 6994
6895 6995
6896 6996
6898 6998
6899 6999
6900 7000
6900 7000
6901 7001
6901 7001
6901 7001
6902 7002
6903 7003
6903 7003
6903 7003
6907 7007
6907 7007
6908 7008
6909 7009
6911 7011
6911 7011
6912 7012
6914 7014
6915 7015
6916 7016
6916 7016
6917 7017
6918 7018
6918 7018
6921 7021
6924 7024
6924 7024
6925 7025
6927 7027
6929 7029
6929 7029
6930 7030
6931 7031
6932 7032
6934 7034
6934 7034
6936 7036
6937 7037
6937 7037
6938 7038
6941 7041
6941 7041
6942 7042
6942 7042
6943 7043
6945 7045
6948 7048
6948 7048
6949 7049
6950 7050
6950 7050
6952 7052
6952 7052
6954 7054
6955 7055
6957 7057
6957 7057
6957 7057
6958 7058
6959 7059
6961 7061
6963 7063
6964 7064
6965 7065
6965 7065
6967 7067
6968 7068
6970 7070
6971 7071
6972 7072
6973 7073
6974 7074
6974 7074
6975 7075
6976 7076
6976 7076
6978 7078
6978 7078
6979 7079
6980 7080
6980 7080
6981 7081
6983 7083
6983 7083
6985 7085
6987 7087
6988 7088
6990 7090
6991 7091
6991 7091
6991 7091
6993 7093
6995 7095
6996 7096
6996 7096
6997 7097
6997 7097
6998 7098
7000 7100
7002 7102
7004 7104
7004 7104
7006 7106
7006 7106
7007 7107
7007 7107
7009 7109
7010 7110
7011 7111
7012 7112
7013 7113
7014 7114
7014 7114
7016 7116
7017 7117
7017 7117
7018 7118
7018 7118
7019 7119
7020 7120
7021 7121
7023 7123
7025 7125
7027 7127
7027 7127
7028 7128
7029 7129
7029 7129
7030 7130
7030 7130
7032 7132
7033 7133
7034 7134
7035 7135
7036 7136
7036 7136
7036 7136
7038 7138
7039 7139
7040 7140
7042 7142
7043 7143
7043 7143
7045 7145
7045 7145
7046 7146
7046 7146
7048 7148
7049 7149
7049 7149
7049 7149
7050 7150
7050 7150
7052 7152
7053 7153
7054 7154
7057 7157
7058 7158
7059 7159
7059 7159
7061 7161
7062 7162
7062 7162
7064 7164
7066 7166
7066 7166
7067 7167
7069 7169
7069 7169
7071 7171
7073 7173
7074 7174
7075 7175
7076 7176
7076 7176
7078 7178
7079 7179
7079 7179
7081 7181
7083 7183
7084 7184
7086 7186
7088 7188
7090 7190
7090 7190
7091 7191
7092 7192
7092 7192
7092 7192
7094 7194
7095 7195
7096 7196
7098 7198
7099 7199
7100 7200
7103 7203
7103 7203
7104 7204
7105 7205
7105 7205
7106 7206
7107 7207
7107 7207
7108 7208
7108 7208
7110 7210
7110 7210
7111 7211
7111 7211
7114 7214
7114 7214
7115 7215
7115 7215
7116 7216
7116 7216
7118 7218
7119 7219
7120 7220
7121 7221
7122 7222
7122 7222
7123 7223
7123 7223
7124 7224
7126 7226
7126 7226
7128 7228
7129 7229
7130 7230
7130 7230
7131 7231
7131 7231
7131 7231
7131 7231
7133 7233
7133 7233
7136 7236
7136 7236
7136 7236
7137 7237
7137 7237
7140 7240
7140 7240
7142 7242
7142 7242
7143 7243
7144 7244
7145 7245
7147 7247
7147 7247
7147 7247
7148 7248
7149 7249
7151 7251
7152 7252
7154 7254
7154 7254
7157 7257
7159 7259
7159 7259
7160 7260
7161 7261
7162 7262
7162 7262
7163 7263
7164 7264
7166 7266
7167 7267
7167 7267
7168 7268
7168 7268
7168 7268
7169 7269
7170 7270
7171 7271
7172 7272
7174 7274
7175 7275
7175 7275
7177 7277
7179 7279
7179 7279
7179 7279
7180 7280
7181 7281
7181 7281
7183 7283
7183 7283
7184 7284
7186 7286
7187 7287
7189 7289
7191 7291
7192 7292
7193 7293
7194 7294
7194 7294
7195 7295
7196 7296
7196 7296
7197 7297
7199 7299
7201 7301
7202 7302
7204 7304
7204 7304
7205 7305
7206 7306
7206 7306
7206 7306
7208 7308
7209 7309
7210 7310
7212 7312
7212 7312
7215 7315
7215 7315
7217 7317
7218 7318
7220 7320
7221 7321
7223 7323
7224 7324
7226 7326
7226 7326
7227 7327
7229 7329
7229 7329
7230 7330
7231 7331
7234 7334
7234 7334
7237 7337
7238 7338
7238 7338
7239 7339
7240 7340
7240 7340
7241 7341
7243 7343
7243 7343
7243 7343
7244 7344
7245 7345
7247 7347
7248 7348
7248 7348
7248 7348
7249 7349
7249 7349
7250 7350
7252 7352
7253 7353
7253 7353
7255 7355
7255 7355
7256 7356
7258 7358
7260 7360
7262 7362
7263 7363
7263 7363
7264 7364
7265 7365
7266 7366
7268 7368
7268 7368
7268 7368
7270 7370
7270 7370
7271 7371
7273 7373
7274 7374
7276 7376
7277 7377
7278 7378
7280 7380
7280 7380
7281 7381
7282 7382
7282 7382
7283 7383
7283 7383
7283 7383
7285 7385
7286 7386
7286 7386
7287 7387
7289 7389
7291 7391
7291 7391
7293 7393
7294 7394
7295 7395
7295 7395
7296 7396
7297 7397
7299 7399
7301 7401
7302 7402
7303 7403
7304 7404
7305 7405
7307 7407
7308 7408
7309 7409
7311 7411
7311 7411
7312 7412
7312 7412
7313 7413
7313 7413
7315 7415
7317 7417
7319 7419
7320 7420
7320 7420
7321 7421
7321 7421
7321 7421
7323 7423
7323 7423
7324 7424
7325 7425
7326 7426
7326 7426
7327 7427
7329 7429
7331 7431
7331 7431
7332 7432
7334 7434
7335 7435
7337 7437
7338 7438
7338 7438
7339 7439
7340 7440
7340 7440
7341 7441
7341 7441
7342 7442
7343 7443
7344 7444
7345 7445
7346 7446
7348 7448
7349 7449
7350 7450
7352 7452
7353 7453
7353 7453
7353 7453
7354 7454
7357 7457
7357 7457
7357 7457
7358 7458
7359 7459
7359 7459
7360 7460
7362 7462
7363 7463
7364 7464
7364 7464
7365 7465
7365 7465
7366 7466
7366 7466
7368 7468
7368 7468
7371 7471
7371 7471
7371 7471
7372 7472
7373 7473
7374 7474
7375 7475
7375 7475
7378 7478
7378 7478
7378 7478
7379 7479
7380 7480
7380 7480
7382 7482
7384 7484
7385 7485
7387 7487
7388 7488
7389 7489
7392 7492
7392 7492
7393 7493
7396 7496
7396 7496
7397 7497
7397 7497
7398 7498
7399 7499
7400 7500
7400 7500
7401 7501
7403 7503
7404 7504
7404 7504
7404 7504
7405 7505
7407 7507
7408 7508
7408 7508
7411 7511
7412 7512
7414 7514
7414 7514
7416 7516
7418 7518
7420 7520
7421 7521
7422 7522
7422 7522
7424 7524
7425 7525
7425 7525
7426 7526
7427 7527
7427 7527
7428 7528
7430 7530
7432 7532
7433 7533
7434 7534
7436 7536
7436 7536
7436 7536
7437 7537
7438 7538
7438 7538
7439 7539
7441 7541
7442 7542
7443 7543
7445 7545
7447 7547
7448 7548
7449 7549
7449 7549
7451 7551
7452 7552
7452 7552
7454 7554
7455 7555
7457 7557
7458 7558
7459 7559
7461 7561
7461 7561
7462 7562
7463 7563
7464 7564
7465 7565
7466 7566
7466 7566
7466 7566
7467 7567
7468 7568
7468 7568
7469 7569
7471 7571
7472 7572
7472 7572
7474 7574
7476 7576
7476 7576
7478 7578
7478 7578
7480 7580
7480 7580
7481 7581
7481 7581
7483 7583
7484 7584
7484 7584
7486 7586
7488 7588
7489 7589
7489 7589
7490 7590
7490 7590
7491 7591
7491 7591
7491 7591
7492 7592
7492 7592
7492 7592
7492 7592
7494 7594
7494 7594
7494 7594
7496 7596
7497 7597
7499 7599
7500 7600
7501 7601
7502 7602
7502 7602
7503 7603
7504 7604
7504 7604
7506 7606
7506 7606
7508 7608
7508 7608
7510 7610
7511 7611
7511 7611
7512 7612
7514 7614
7516 7616
7516 7616
7516 7616
7517 7617
7519 7619
7521 7621
7522 7622
7523 7623
7524 7624
7525 7625
7526 7626
7527 7627
7531 7631
7531 7631
7532 7632
7532 7632
7534 7634
7535 7635
7535 7635
7535 7635
7537 7637
7538 7638
7539 7639
7541 7641
7543 7643
7544 7644
7546 7646
7547 7647
7548 7648
7550 7650
7550 7650
7552 7652
7553 7653
7553 7653
7555 7655
7556 7656
7556 7656
7557 7657
7557 7657
7560 7660
7562 7662
7563 7663
7564 7664
7564 7664
7565 7665
7567 7667
7568 7668
7568 7668
7570 7670
7572 7672
7573 7673
7573 7673
7574 7674
7574 7674
7575 7675
7576 7676
7577 7677
7578 7678
7580 7680
7580 7680
7580 7680
7581 7681
7581 7681
7583 7683
7583 7683
7583 7683
7584 7684
7586 7686
7588 7688
7590 7690
7590 7690
7591 7691
7593 7693
7595 7695
7596 7696
7597 7697
7597 7697
7598 7698
7600 7700
7601 7701
7603 7703
7603 7703
7603 7703
7603 7703
7604 7704
7605 7705
7606 7706
7606 7706
7608 7708
7610 7710
7610 7710
7610 7710
7610 7710
7611 7711
7612 7712
7614 7714
7614 7714
7617 7717
7617 7717
7618 7718
7618 7718
7618 7718
7620 7720
7622 7722
7622 7722
7623 7723
7625 7725
7626 7726
7626 7726
7627 7727
7628 7728
7629 7729
7630 7730
7632 7732
7632 7732
7635 7735
7637 7737
7637 7737
7638 7738
7638 7738
7640 7740
7641 7741
7642 7742
7642 7742
7642 7742
7642 7742
7644 7744
7644 7744
7645 7745
7647 7747
7648 7748
7648 7748
7648 7748
7650 7750
7650 7750
7652 7752
7654 7754
7654 7754
7656 7756
7657 7757
7657 7757
7658 7758
7659 7759
7662 7762
7663 7763
7664 7764
7666 7766
7667 7767
7668 7768
7669 7769
7670 7770
7670 7770
7671 7771
7672 7772
7672 7772
7674 7774
7675 7775
7676 7776
7678 7778
7679 7779
7680 7780
7681 7781
7683 7783
7684 7784
7684 7784
7684 7784
7685 7785
7685 7785
7685 7785
7687 7787
7688 7788
7689 7789
7690 7790
7691 7791
7693 7793
7694 7794
7695 7795
7697 7797
7697 7797
7699 7799
7700 7800
7702 7802
7703 7803
7704 7804
7705 7805
7707 7807
7708 7808
7708 7808
7711 7811
7712 7812
7712 7812
7713 7813
7713 7813
7714 7814
7716 7816
7716 7816
7716 7816
7717 7817
7719 7819
7720 7820
7720 7820
7722 7822
7724 7824
7724 7824
7725 7825
7727 7827
7727 7827
7728 7828
7730 7830
7734 7834
7735 7835
7735 7835
7736 7836
7737 7837
7738 7838
7739 7839
7739 7839
7740 7840
7741 7841
7742 7842
7742 7842
7743 7843
7744 7844
7744 7844
7745 7845
7747 7847
7748 7848
7749 7849
7749 7849
7750 7850
7750 7850
7750 7850
7751 7851
7751 7851
7752 7852
7753 7853
7754 7854
7754 7854
7754 7854
7756 7856
7757 7857
7757 7857
7758 7858
7759 7859
7762 7862
7762 7862
7762 7862
7763 7863
7764 7864
7765 7865
7766 7866
7766 7866
7767 7867
7768 7868
7768 7868
7770 7870
7771 7871
7772 7872
7772 7872
7773 7873
7774 7874
7774 7874
7775 7875
7775 7875
7775 7875
7776 7876
7777 7877
7778 7878
7779 7879
7781 7881
7782 7882
7783 7883
7784 7884
7785 7885
7787 7887
7788 7888
7790 7890
7792 7892
7792 7892
7793 7893
7794 7894
7795 7895
7796 7896
7798 7898
7801 7901
7803 7903
7804 7904
7804 7904
7805 7905
7807 7907
7808 7908
7809 7909
7810 7910
7812 7912
7813 7913
7813 7913
7816 7916
7817 7917
7819 7919
7821 7921
7822 7922
7824 7924
7825 7925
7825 7925
7826 7926
7827 7927
7829 7929
7831 7931
7831 7931
7834 7934
7835 7935
7836 7936
7837 7937
7837 7937
7838 7938
7840 7940
7842 7942
7843 7943
7845 7945
7845 7945
7845 7945
7846 7946
7846 7946
7848 7948
7850 7950
7850 7950
7851 7951
7853 7953
7853 7953
7854 7954
7854 7954
7855 7955
7857 7957
7857 7957
7858 7958
7860 7960
7862 7962
7863 7963
7863 7963
7863 7963
7864 7964
7864 7964
7864 7964
7864 7964
7865 7965
7866 7966
7867 7967
7867 7967
7869 7969
7869 7969
7870 7970
7871 7971
7871 7971
7873 7973
7875 7975
7875 7975
7875 7975
7876 7976
7876 7976
7878 7978
7878 7978
7879 7979
7880 7980
7880 7980
7880 7980
7882 7982
7882 7982
7884 7984
7885 7985
7887 7987
7887 7987
7887 7987
7888 7988
7889 7989
7890 7990
7892 7992
7892 7992
7893 7993
7893 7993
7893 7993
7895 7995
7896 7996
7896 7996
7896 7996
7897 7997
7898 7998
7899 7999
7900 8000
7900 8000
7902 8002
7904 8004
7905 8005
7905 8005
7905 8005
7905 8005
7908 8008
7910 8010
7912 8012
7914 8014
7915 8015
7916 8016
7917 8017
7919 8019
7919 8019
7920 8020
7921 8021
7922 8022
7923 8023
7925 8025
7925 8025
7926 8026
7927 8027
7928 8028
7930 8030
7931 8031
7932 8032
7932 8032
7934 8034
7935 8035
7936 8036
7936 8036
7937 8037
7938 8038
7940 8040
7940 8040
7941 8041
7943 8043
7946 8046
7949 8049
7950 8050
7951 8051
7952 8052
7954 8054
7954 8054
7956 8056
7958 8058
7958 8058
7959 8059
7960 8060
7960 8060
7960 8060
7961 8061
7964 8064
7965 8065
7965 8065
7966 8066
7967 8067
7967 8067
7968 8068
7969 8069
7970 8070
7971 8071
7972 8072
7973 8073
7974 8074
7975 8075
7976 8076
7978 8078
7981 8081
7982 8082
7984 8084
7985 8085
7985 8085
7986 8086
7987 8087
7988 8088
7989 8089
7990 8090
7991 8091
7992 8092
7993 8093
7994 8094
7995 8095
7996 8096
7996 8096
7997 8097
7997 8097
7997 8097
7997 8097
7999 8099
7999 8099
8000 8100
8001 8101
8002 8102
8004 8104
8005 8105
8006 8106
8007 8107
8007 8107
8007 8107
8009 8109
8011 8111
8013 8113
8014 8114
8015 8115
8015 8115
8017 8117
8017 8117
8018 8118
8019 8119
8020 8120
8020 8120
8021 8121
8023 8123
8024 8124
8025 8125
8026 8126
8027 8127
8028 8128
8029 8129
8029 8129
8030 8130
8030 8130
8030 8130
8033 8133
8034 8134
8035 8135
8036 8136
8036 8136
8036 8136
8037 8137
8038 8138
8039 8139
8041 8141
8042 8142
8042 8142
8044 8144
8048 8148
8048 8148
8048 8148
8049 8149
8050 8150
8050 8150
8052 8152
8053 8153
8053 8153
8054 8154
8055 8155
8056 8156
8058 8158
8059 8159
8060 8160
8061 8161
8062 8162
8063 8163
8064 8164
8065 8165
8067 8167
8068 8168
8068 8168
8069 8169
8071 8171
8072 8172
8073 8173
8074 8174
8074 8174
8074 8174
8074 8174
8076 8176
8077 8177
8077 8177
8078 8178
8079 8179
8080 8180
8081 8181
8083 8183
8085 8185
8086 8186
8089 8189
8090 8190
8091 8191
8091 8191
8092 8192
8093 8193
8094 8194
8095 8195
8095 8195
8096 8196
8097 8197
8097 8197
8099 8199
8100 8200
8101 8201
8101 8201
8101 8201
8102 8202
8103 8203
8105 8205
8105 8205
8106 8206
8107 8207
8108 8208
8108 8208
8108 8208
8110 8210
8111 8211
8112 8212
8112 8212
8113 8213
8115 8215
8117 8217
8117 8217
8119 8219
8121 8221
8121 8221
8122 8222
8123 8223
8123 8223
8123 8223
8125 8225
8127 8227
8128 8228
8129 8229
8129 8229
8129 8229
8131 8231
8131 8231
8131 8231
8133 8233
8134 8234
8134 8234
8136 8236
8136 8236
8138 8238
8139 8239
8139 8239
8139 8239
8141 8241
8142 8242
8144 8244
8144 8244
8146 8246
8148 8248
8149 8249
8151 8251
8151 8251
8153 8253
8155 8255
8155 8255
8156 8256
8157 8257
8157 8257
8159 8259
8161 8261
8162 8262
8163 8263
8164 8264
8165 8265
8165 8265
8168 8268
8168 8268
8168 8268
8168 8268
8169 8269
8171 8271
8173 8273
8174 8274
8176 8276
8176 8276
8178 8278
8179 8279
8180 8280
8181 8281
8183 8283
8184 8284
8185 8285
8187 8287
8187 8287
8188 8288
8188 8288
8190 8290
8191 8291
8191 8291
8193 8293
8194 8294
8195 8295
8196 8296
8198 8298
8198 8298
8199 8299
8199 8299
8200 8300
8200 8300
8201 8301
8203 8303
8205 8305
8206 8306
8207 8307
8208 8308
8210 8310
8211 8311
8212 8312
8212 8312
8213 8313
8215 8315
8217 8317
8217 8317
8219 8319
8219 8319
8220 8320
8222 8322
8222 8322
8223 8323
8224 8324
8224 8324
8225 8325
8226 8326
8226 8326
8227 8327
8229 8329
8231 8331
8231 8331
8232 8332
8233 8333
8234 8334
8235 8335
8236 8336
8237 8337
8239 8339
8240 8340
8242 8342
8243 8343
8244 8344
8245 8345
8245 8345
8246 8346
8247 8347
8247 8347
8249 8349
8250 8350
8250 8350
8252 8352
8253 8353
8253 8353
8253 8353
8254 8354
8255 8355
8256 8356
8256 8356
8257 8357
8258 8358
8259 8359
8260 8360
8260 8360
8262 8362
8263 8363
8263 8363
8264 8364
8264 8364
8265 8365
8265 8365
8266 8366
8267 8367
8269 8369
8270 8370
8272 8372
8274 8374
8275 8375
8276 8376
8278 8378
8278 8378
8278 8378
8279 8379
8281 8381
8282 8382
8282 8382
8285 8385
8285 8385
8286 8386
8287 8387
8288 8388
8288 8388
8290 8390
8291 8391
8292 8392
8294 8394
8296 8396
8299 8399
8300 8400
8301 8401
8301 8401
8301 8401
8301 8401
8303 8403
8305 8405
8307 8407
8308 8408
8308 8408
8310 8410
8311 8411
8313 8413
8313 8413
8315 8415
8317 8417
8317 8417
8319 8419
8320 8420
8322 8422
8323 8423
8325 8425
8325 8425
8326 8426
8327 8427
8327 8427
8328 8428
8328 8428
8329 8429
8330 8430
8330 8430
8332 8432
8333 8433
8333 8433
8335 8435
8336 8436
8338 8438
8338 8438
8338 8438
8339 8439
8340 8440
8341 8441
8342 8442
8342 8442
8343 8443
8343 8443
8344 8444
8345 8445
8346 8446
8346 8446
8347 8447
8347 8447
8347 8447
8350 8450
8352 8452
8353 8453
8353 8453
8353 8453
8354 8454
8354 8454
8356 8456
8358 8458
8359 8459
8360 8460
8362 8462
8362 8462
8364 8464
8365 8465
8365 8465
8366 8466
8367 8467
8368 8468
8370 8470
8371 8471
8373 8473
8373 8473
8374 8474
8375 8475
8376 8476
8376 8476
8378 8478
8378 8478
8380 8480
8381 8481
8383 8483
8384 8484
8386 8486
8387 8487
8387 8487
8390 8490
8390 8490
8392 8492
8393 8493
8394 8494
8396 8496
8396 8496
8396 8496
8397 8497
8398 8498
8399 8499
8400 8500
8401 8501
8402 8502
8402 8502
8404 8504
8405 8505
8407 8507
8408 8508
8408 8508
8408 8508
8409 8509
8409 8509
8411 8511
8411 8511
8412 8512
8412 8512
8413 8513
8413 8513
8414 8514
8416 8516
8416 8516
8418 8518
8419 8519
8419 8519
8420 8520
8421 8521
8421 8521
8421 8521
8424 8524
8424 8524
8426 8526
8426 8526
8428 8528
8428 8528
8429 8529
8430 8530
8430 8530
8430 8530
8432 8532
8432 8532
8433 8533
8433 8533
8434 8534
8434 8534
8436 8536
8438 8538
8438 8538
8440 8540
8441 8541
8442 8542
8444 8544
8445 8545
8446 8546
8447 8547
8447 8547
8449 8549
8450 8550
8451 8551
8453 8553
8454 8554
8455 8555
8458 8558
8459 8559
8459 8559
8460 8560
8462 8562
8463 8563
8465 8565
8465 8565
8466 8566
8467 8567
8467 8567
8468 8568
8468 8568
8469 8569
8471 8571
8472 8572
8472 8572
8474 8574
8476 8576
8476 8576
8478 8578
8479 8579
8479 8579
8481 8581
8482 8582
8485 8585
8485 8585
8485 8585
8487 8587
8489 8589
8489 8589
8491 8591
8491 8591
8492 8592
8492 8592
8494 8594
8495 8595
8497 8597
8498 8598
8500 8600
8502 8602
8502 8602
8504 8604
8504 8604
8505 8605
8505 8605
8505 8605
8506 8606
8507 8607
8508 8608
8509 8609
8509 8609
8512 8612
8513 8613
8513 8613
8514 8614
8514 8614
8517 8617
8517 8617
8518 8618
8520 8620
8521 8621
8522 8622
8523 8623
8524 8624
8525 8625
8527 8627
8527 8627
8528 8628
8528 8628
8531 8631
8531 8631
8533 8633
8533 8633
8533 8633
8534 8634
8534 8634
8536 8636
8537 8637
8537 8637
8538 8638
8541 8641
8542 8642
8543 8643
8544 8644
8546 8646
8547 8647
8548 8648
8548 8648
8549 8649
8549 8649
8550 8650
8551 8651
8551 8651
8552 8652
8552 8652
8553 8653
8554 8654
8556 8656
8557 8657
8557 8657
8557 8657
8559 8659
8559 8659
8560 8660
8560 8660
8562 8662
8563 8663
8565 8665
8565 8665
8568 8668
8569 8669
8570 8670
8571 8671
8571 8671
8572 8672
8573 8673
8574 8674
8575 8675
8576 8676
8577 8677
8577 8677
8577 8677
8579 8679
8580 8680
8583 8683
8585 8685
8586 8686
8586 8686
8586 8686
8586 8686
8587 8687
8588 8688
8588 8688
8590 8690
8590 8690
8591 8691
8591 8691
8592 8692
8593 8693
8594 8694
8594 8694
8595 8695
8595 8695
8595 8695
8597 8697
8600 8700
8601 8701
8603 8703
8606 8706
8606 8706
8606 8706
8609 8709
8610 8710
8611 8711
8612 8712
8613 8713
8614 8714
8614 8714
8615 8715
8616 8716
8617 8717
8618 8718
8618 8718
8619 8719
8621 8721
8623 8723
8624 8724
8625 8725
8625 8725
8626 8726
8626 8726
8627 8727
8627 8727
8628 8728
8628 8728
8631 8731
8632 8732
8633 8733
8634 8734
8635 8735
8639 8739
8639 8739
8642 8742
8642 8742
8643 8743
8643 8743
8644 8744
8645 8745
8647 8747
8648 8748
8649 8749
8650 8750
8653 8753
8653 8753
8654 8754
8654 8754
8655 8755
8655 8755
8656 8756
8657 8757
8657 8757
8659 8759
8660 8760
8661 8761
8662 8762
8663 8763
8664 8764
8665 8765
8666 8766
8669 8769
8670 8770
8671 8771
8672 8772
8672 8772
8673 8773
8673 8773
8674 8774
8675 8775
8678 8778
8680 8780
8681 8781
8681 8781
8682 8782
8684 8784
8684 8784
8685 8785
8685 8785
8685 8785
8686 8786
8686 8786
8687 8787
8688 8788
8689 8789
8690 8790
8690 8790
8692 8792
8693 8793
8695 8795
8695 8795
8697 8797
8698 8798
8700 8800
8701 8801
8702 8802
8703 8803
8704 8804
8707 8807
8708 8808
8709 8809
8709 8809
8710 8810
8710 8810
8711 8811
8713 8813
8714 8814
8715 8815
8715 8815
8717 8817
8718 8818
8718 8818
8718 8818
8720 8820
8720 8820
8721 8821
8722 8822
8723 8823
8726 8826
8727 8827
8727 8827
8728 8828
8729 8829
8729 8829
8731 8831
8732 8832
8734 8834
8735 8835
8736 8836
8738 8838
8739 8839
8740 8840
8742 8842
8743 8843
8744 8844
8744 8844
8745 8845
8748 8848
8748 8848
8749 8849
8749 8849
8749 8849
8750 8850
8751 8851
8752 8852
8752 8852
8753 8853
8755 8855
8756 8856
8756 8856
8758 8858
8759 8859
8759 8859
8761 8861
8762 8862
8763 8863
8764 8864
8765 8865
8767 8867
8767 8867
8767 8867
8768 8868
8770 8870
8771 8871
8773 8873
8774 8874
8776 8876
8776 8876
8776 8876
8777 8877
8778 8878
8778 8878
8779 8879
8779 8879
8781 8881
8782 8882
8783 8883
8783 8883
8784 8884
8785 8885
8786 8886
8787 8887
8787 8887
8789 8889
8790 8890
8791 8891
8791 8891
8793 8893
8795 8895
8795 8895
8795 8895
8796 8896
8798 8898
8801 8901
8801 8901
8802 8902
8804 8904
8804 8904
8805 8905
8806 8906
8807 8907
8807 8907
8808 8908
8810 8910
8810 8910
8811 8911
8813 8913
8813 8913
8813 8913
8815 8915
8816 8916
8818 8918
8819 8919
8820 8920
8820 8920
8822 8922
8822 8922
8824 8924
8825 8925
8826 8926
8828 8928
8828 8928
8830 8930
8831 8931
8831 8931
8833 8933
8833 8933
8835 8935
8836 8936
8838 8938
8839 8939
8841 8941
8841 8941
8843 8943
8844 8944
8845 8945
8845 8945
8846 8946
8846 8946
8847 8947
8849 8949
8849 8949
8850 8950
8851 8951
8853 8953
8853 8953
8853 8953
8855 8955
8856 8956
8857 8957
8860 8960
8860 8960
8862 8962
8863 8963
8865 8965
8866 8966
8866 8966
8867 8967
8868 8968
8868 8968
8869 8969
8869 8969
8870 8970
8871 8971
8874 8974
8874 8974
8875 8975
8875 8975
8877 8977
8878 8978
8878 8978
8879 8979
8880 8980
8882 8982
8882 8982
8884 8984
8885 8985
8886 8986
8886 8986
8887 8987
8889 8989
8890 8990
8891 8991
8892 8992
8892 8992
8892 8992
8892 8992
8893 8993
8894 8994
8896 8996
8897 8997
8898 8998
8899 8999
8901 9001
8902 9002
8903 9003
8904 9004
8904 9004
8905 9005
8906 9006
8907 9007
8908 9008
8908 9008
8909 9009
8910 9010
8912 9012
8912 9012
8912 9012
8912 9012
8914 9014
8916 9016
8917 9017
8918 9018
8919 9019
8920 9020
8920 9020
8920 9020
8920 9020
8921 9021
8921 9021
8923 9023
8924 9024
8925 9025
8925 9025
8927 9027
8928 9028
8930 9030
8930 9030
8931 9031
8932 9032
8934 9034
8934 9034
8935 9035
8936 9036
8937 9037
8938 9038
8938 9038
8939 9039
8942 9042
8944 9044
8944 9044
8946 9046
8947 9047
8947 9047
8948 9048
8948 9048
8950 9050
8950 9050
8951 9051
8953 9053
8955 9055
8956 9056
8957 9057
8957 9057
8957 9057
8959 9059
8962 9062
8962 9062
8964 9064
8964 9064
8966 9066
8968 9068
8969 9069
8971 9071
8974 9074
8975 9075
8975 9075
8976 9076
8978 9078
8979 9079
8979 9079
8981 9081
8981 9081
8982 9082
8984 9084
8986 9086
8987 9087
8987 9087
8988 9088
8990 9090
8991 9091
8992 9092
8993 9093
8994 9094
8994 9094
8995 9095
8996 9096
8997 9097
8998 9098
8999 9099
9001 9101
9003 9103
9003 9103
9004 9104
9005 9105
9006 9106
9006 9106
9008 9108
9009 9109
9011 9111
9012 9112
9013 9113
9013 9113
9015 9115
9015 9115
9016 9116
9017 9117
9017 9117
9018 9118
9019 9119
9019 9119
9020 9120
9020 9120
9021 9121
9022 9122
9022 9122
9023 9123
9024 9124
9025 9125
9026 9126
9027 9127
9027 9127
9028 9128
9030 9130
9031 9131
9032 9132
9033 9133
9034 9134
9035 9135
9035 9135
9036 9136
9036 9136
9037 9137
9038 9138
9038 9138
9040 9140
9040 9140
9042 9142
9044 9144
9044 9144
9045 9145
9046 9146
9046 9146
9047 9147
9047 9147
9048 9148
9050 9150
9051 9151
9052 9152
9053 9153
9055 9155
9055 9155
9055 9155
9056 9156
9058 9158
9059 9159
9059 9159
9060 9160
9060 9160
9062 9162
9064 9164
9065 9165
9066 9166
9067 9167
9067 9167
9068 9168
9070 9170
9071 9171
9072 9172
9075 9175
9076 9176
9077 9177
9079 9179
9080 9180
9082 9182
9082 9182
9083 9183
9084 9184
9085 9185
9087 9187
9087 9187
9089 9189
9091 9191
9092 9192
9093 9193
9094 9194
9095 9195
9096 9196
9098 9198
9098 9198
9101 9201
9101 9201
9102 9202
9102 9202
9103 9203
9104 9204
9105 9205
9107 9207
9107 9207
9109 9209
9111 9211
9111 9211
9111 9211
9113 9213
9114 9214
9115 9215
9116 9216
9116 9216
9117 9217
9117 9217
9118 9218
9120 9220
9122 9222
9123 9223
9125 9225
9126 9226
9126 9226
9127 9227
9127 9227
9128 9228
9129 9229
9130 9230
9130 9230
9131 9231
9133 9233
9133 9233
9133 9233
9134 9234
9136 9236
9136 9236
9137 9237
9139 9239
9139 9239
9140 9240
9140 9240
9142 9242
9142 9242
9143 9243
9144 9244
9144 9244
9145 9245
9146 9246
9147 9247
9147 9247
9147 9247
9150 9250
9151 9251
9152 9252
9153 9253
9154 9254
9154 9254
9156 9256
9157 9257
9157 9257
9157 9257
9157 9257
9160 9260
9161 9261
9162 9262
9165 9265
9166 9266
9167 9267
9169 9269
9169 9269
9169 9269
9170 9270
9171 9271
9171 9271
9172 9272
9174 9274
9176 9276
9177 9277
9177 9277
9177 9277
9179 9279
9180 9280
9180 9280
9183 9283
9184 9284
9184 9284
9185 9285
9186 9286
9186 9286
9188 9288
9188 9288
9191 9291
9192 9292
9192 9292
9193 9293
9196 9296
9198 9298
9199 9299
9199 9299
9200 9300
9202 9302
9203 9303
9203 9303
9204 9304
9206 9306
9206 9306
9207 9307
9208 9308
9209 9309
9210 9310
9213 9313
9214 9314
9214 9314
9214 9314
9214 9314
9216 9316
9217 9317
9218 9318
9219 9319
9220 9320
9220 9320
9221 9321
9221 9321
9222 9322
9223 9323
9225 9325
9227 9327
9228 9328
9229 9329
9230 9330
9232 9332
9232 9332
9233 9333
9233 9333
9234 9334
9235 9335
9236 9336
9237 9337
9238 9338
9240 9340
9240 9340
9240 9340
9242 9342
9243 9343
9245 9345
9246 9346
9246 9346
9247 9347
9249 9349
9251 9351
9252 9352
9252 9352
9253 9353
9255 9355
9257 9357
9257 9357
9258 9358
9260 9360
9261 9361
9261 9361
9263 9363
9263 9363
9265 9365
9265 9365
9266 9366
9267 9367
9268 9368
9269 9369
9269 9369
9271 9371
9273 9373
9275 9375
9275 9375
9277 9377
9277 9377
9278 9378
9278 9378
9279 9379
9281 9381
9282 9382
9283 9383
9283 9383
9284 9384
9286 9386
9288 9388
9289 9389
9293 9393
9294 9394
9294 9394
9294 9394
9295 9395
9296 9396
9298 9398
9299 9399
9299 9399
9299 9399
9299 9399
9300 9400
9300 9400
9301 9401
9301 9401
9302 9402
9304 9404
9304 9404
9304 9404
9305 9405
9306 9406
9308 9408
9309 9409
9310 9410
9310 9410
9311 9411
9311 9411
9313 9413
9314 9414
9315 9415
9318 9418
9318 9418
9318 9418
9319 9419
9320 9420
9322 9422
9322 9422
9324 9424
9324 9424
9324 9424
9326 9426
9326 9426
9328 9428
9328 9428
9329 9429
9330 9430
9331 9431
9331 9431
9333 9433
9333 9433
9334 9434
9334 9434
9335 9435
9336 9436
9336 9436
9337 9437
9337 9437
9338 9438
9340 9440
9340 9440
9341 9441
9343 9443
9344 9444
9345 9445
9346 9446
9350 9450
9350 9450
9352 9452
9352 9452
9353 9453
9356 9456
9356 9456
9357 9457
9357 9457
9359 9459
9360 9460
9362 9462
9363 9463
9365 9465
9365 9465
9365 9465
9366 9466
9367 9467
9368 9468
9370 9470
9370 9470
9371 9471
9372 9472
9373 9473
9374 9474
9374 9474
9376 9476
9378 9478
9379 9479
9380 9480
9382 9482
9382 9482
9384 9484
9385 9485
9387 9487
9389 9489
9389 9489
9390 9490
9391 9491
9393 9493
9394 9494
9394 9494
9395 9495
9395 9495
9398 9498
9398 9498
9398 9498
9399 9499
9399 9499
9401 9501
9402 9502
9404 9504
9406 9506
9406 9506
9406 9506
9407 9507
9409 9509
9410 9510
9410 9510
9411 9511
9413 9513
9414 9514
9415 9515
9418 9518
9418 9518
9420 9520
9420 9520
9421 9521
9423 9523
9425 9525
9427 9527
9428 9528
9429 9529
9430 9530
9431 9531
9434 9534
9435 9535
9436 9536
9436 9536
9437 9537
9438 9538
9439 9539
9439 9539
9440 9540
9440 9540
9441 9541
9441 9541
9443 9543
9444 9544
9445 9545
9446 9546
9446 9546
9447 9547
9449 9549
9450 9550
9452 9552
9453 9553
9454 9554
9454 9554
9455 9555
9455 9555
9455 9555
9457 9557
9458 9558
9459 9559
9461 9561
9462 9562
9463 9563
9463 9563
9464 9564
9464 9564
9465 9565
9466 9566
9467 9567
9467 9567
9468 9568
9469 9569
9471 9571
9471 9571
9472 9572
9473 9573
9473 9573
9474 9574
9475 9575
9475 9575
9476 9576
9477 9577
9477 9577
9478 9578
9480 9580
9480 9580
9481 9581
9482 9582
9483 9583
9486 9586
9488 9588
9489 9589
9489 9589
9490 9590
9491 9591
9491 9591
9493 9593
9494 9594
9495 9595
9496 9596
9497 9597
9499 9599
9500 9600
9501 9601
9503 9603
9503 9603
9504 9604
9504 9604
9505 9605
9506 9606
9507 9607
9507 9607
9508 9608
9509 9609
9511 9611
9511 9611
9513 9613
9514 9614
9515 9615
9515 9615
9516 9616
9518 9618
9519 9619
9519 9619
9519 9619
9519 9619
9520 9620
9520 9620
9521 9621
9521 9621
9523 9623
9524 9624
9524 9624
9525 9625
9525 9625
9526 9626
9527 9627
9527 9627
9528 9628
9528 9628
9530 9630
9530 9630
9532 9632
9533 9633
9536 9636
9537 9637
9537 9637
9538 9638
9540 9640
9541 9641
9541 9641
9542 9642
9543 9643
9544 9644
9544 9644
9545 9645
9547 9647
9548 9648
9548 9648
9548 9648
9550 9650
9551 9651
9556 9656
9556 9656
9556 9656
9558 9658
9559 9659
9560 9660
9561 9661
9561 9661
9563 9663
9563 9663
9565 9665
9567 9667
9568 9668
9570 9670
9570 9670
9572 9672
9573 9673
9575 9675
9576 9676
9577 9677
9579 9679
9580 9680
9580 9680
9581 9681
9582 9682
9584 9684
9586 9686
9587 9687
9588 9688
9589 9689
9590 9690
9591 9691
9592 9692
9594 9694
9594 9694
9595 9695
9595 9695
9596 9696
9596 9696
9598 9698
9600 9700
9601 9701
9602 9702
9603 9703
9603 9703
9603 9703
9603 9703
9604 9704
9605 9705
9605 9705
9606 9706
9608 9708
9609 9709
9610 9710
9612 9712
9612 9712
9613 9713
9613 9713
9615 9715
9617 9717
9619 9719
9619 9719
9620 9720
9621 9721
9621 9721
9623 9723
9625 9725
9625 9725
9625 9725
9627 9727
9627 9727
9629 9729
9630 9730
9631 9731
9632 9732
9633 9733
9635 9735
9635 9735
9636 9736
9637 9737
9639 9739
9640 9740
9640 9740
9642 9742
9644 9744
9645 9745
9645 9745
9645 9745
9648 9748
9649 9749
9649 9749
9650 9750
9652 9752
9653 9753
9655 9755
9656 9756
9658 9758
9660 9760
9661 9761
9661 9761
9662 9762
9663 9763
9666 9766
9667 9767
9668 9768
9669 9769
9670 9770
9670 9770
9672 9772
9673 9773
9674 9774
9675 9775
9675 9775
9677 9777
9678 9778
9678 9778
9679 9779
9679 9779
9680 9780
9681 9781
9681 9781
9684 9784
9684 9784
9685 9785
9687 9787
9687 9787
9687 9787
9689 9789
9690 9790
9691 9791
9691 9791
9693 9793
9694 9794
9694 9794
9695 9795
9697 9797
9698 9798
9700 9800
9701 9801
9701 9801
9702 9802
9702 9802
9703 9803
9704 9804
9705 9805
9706 9806
9708 9808
9708 9808
9709 9809
9709 9809
9711 9811
9711 9811
9712 9812
9713 9813
9713 9813
9713 9813
9714 9814
9714 9814
9715 9815
9717 9817
9717 9817
9718 9818
9720 9820
9720 9820
9722 9822
9722 9822
9722 9822
9725 9825
9727 9827
9728 9828
9728 9828
9730 9830
9732 9832
9733 9833
9733 9833
9733 9833
9734 9834
9736 9836
9736 9836
9738 9838
9739 9839
9739 9839
9741 9841
9742 9842
9745 9845
9746 9846
9746 9846
9747 9847
9749 9849
9749 9849
9752 9852
9752 9852
9753 9853
9753 9853
9754 9854
9755 9855
9755 9855
9757 9857
9759 9859
9759 9859
9762 9862
9764 9864
9765 9865
9765 9865
9766 9866
9769 9869
9769 9869
9769 9869
9770 9870
9771 9871
9772 9872
9773 9873
9773 9873
9774 9874
9776 9876
9776 9876
9777 9877
9778 9878
9778 9878
9780 9880
9780 9880
9781 9881
9782 9882
9782 9882
9783 9883
9786 9886
9786 9886
9787 9887
9789 9889
9789 9889
9789 9889
9790 9890
9790 9890
9792 9892
9793 9893
9795 9895
9796 9896
9796 9896
9799 9899
9799 9899
9800 9900
9800 9900
9801 9901
9802 9902
9802 9902
9803 9903
9805 9905
9806 9906
9807 9907
9807 9907
9809 9909
9810 9910
9810 9910
9810 9910
9813 9913
9813 9913
9816 9916
9818 9918
9819 9919
9819 9919
9819 9919
9821 9921
9824 9924
9825 9925
9826 9926
9828 9928
9829 9929
9829 9929
9829 9929
9831 9931
9831 9931
9832 9932
9834 9934
9834 9934
9835 9935
9837 9937
9837 9937
9837 9937
9839 9939
9840 9940
9841 9941
9843 9943
9845 9945
9845 9945
9845 9945
9845 9945
9846 9946
9846 9946
9847 9947
9848 9948
9849 9949
9849 9949
9850 9950
9852 9952
9853 9953
9854 9954
9854 9954
9854 9954
9855 9955
9856 9956
9858 9958
9859 9959
9859 9959
9860 9960
9860 9960
9861 9961
9861 9961
9861 9961
9862 9962
9862 9962
9863 9963
9864 9964
9864 9964
9865 9965
9865 9965
9866 9966
9869 9969
9871 9971
9872 9972
9873 9973
9874 9974
9875 9975
9876 9976
9878 9978
9881 9981
9882 9982
9882 9982
9884 9984
9885 9985
9887 9987
9888 9988
9889 9989
9890 9990
9890 9990
9890 9990
9891 9991
9891 9991
9894 9994
9896 9996
9896 9996
9898 9998
9899 9999
9900 10000
9900 10000
9900 10000
9900 10000
9900 10000
9900 10000
9900 10000
9900 10000
9900 10000
9900 10000
9900 10000
9900 10000
9900 10000
9900 10000
9900 10000
9900 10000
9900 10000
9900 10000
9900 10000
9900 10000
9900 10000
9900 10000
9900 10000
9900 10000
9900 10000
9900 10000
9900 10000
9900 10000
9900 10000
9900 10000
9900 10000
9900 10000
9900 10000
9900 10000
9900 10000
9900 10000
9900 10000
9900 10000
9900 10000
9900 10000
9900 10000
9900 10000
9900 10000
9900 10000
9900 10000
9900 10000
9900 10000
9900 10000
9900 10000
9900 9999
